172526256 172668761
1833752424 1833752419
1833752419 1833752417
1833752417 5727996235
5727996235 1833752413
1833752413 172415416
1833752413 1833752412
1833752413 172415411
172415416 172668736
172415416 4363571173
172415416 172668748
172668736 172668727
172668736 1833752412
172668727 172668719
172668719 172627038
4363571173 4363571170
4363571170 4363571168
4363571168 482710390
482710390 4565612429
4565612429 3729890221
4565612429 4565612431
4565612431 4565612436
4565612431 4565612433
172668748 172668757
172668757 172668761
172415411 172415398
172415398 172415386
172415386 172415380
172415380 1775438445
1775438445 172415369
172415369 172415364
172415364 172415360
172415360 172415354
172415354 172415347
