172526256 705.100978018321 382.5869943423812 35.304285 -80.737095 50
172668761 699.7595792147262 363.6898506047027 35.3041141 -80.7371538 50
1833752424 698.1607931793529 382.6091091984771 35.3042852 -80.73717139999999 50
1833752419 659.1903835450312 324.336465839299 35.3037582 -80.73760040000001 50
1833752417 630.575747101494 289.3949946800286 35.3034422 -80.73791540000001 50
5727996235 610.6181736847851 249.9973802045434 35.3030859 -80.73813509999999 50
1833752413 606.3941083033299 235.8659877550574 35.3029581 -80.7381816 50
172415416 614.0065099990122 232.3497257842303 35.3029263 -80.73809780000001 50
1833752412 603.8415010540198 223.7691619798741 35.3028487 -80.7382097 50
172415411 560.2109934841915 255.2054285963651 35.303133 -80.73869000000001 50
172668736 591.2783130530784 179.0197525549778 35.302444 -80.738348 50
4363571173 663.4598689833574 203.2134041053447 35.3026628 -80.7375534 50
172668748 632.5469776124545 272.4218433418005 35.3032887 -80.7378937 50
172668727 585.9187462267352 121.4105548519468 35.301923 -80.738407 50
172668719 593.7309961761167 55.95058356547702 35.301331 -80.738321 50
172627038 612.3532198930825 0.8845942058521814 35.300833 -80.73811600000001 50
4363571170 678.1214636556537 131.3290673931283 35.3020127 -80.737392 50
4363571168 687.8050199897241 78.83945866034912 35.301538 -80.7372854 50
482710390 724.9949633554104 44.36239945939701 35.3012262 -80.736876 50
4565612429 736.7042542675308 41.95188024693903 35.3012044 -80.7367471 50
3729890221 835.0659315410571 40.5033572331522 35.3011913 -80.7356643 50
4565612431 743.5808510257237 143.846075415845 35.3021259 -80.73667140000001 50
4565612436 724.6679389390054 184.0287672489707 35.3024893 -80.73687959999999 50
4565612433 775.556571750521 153.642956253423 35.3022145 -80.7363194 50
172668757 667.6657663397528 321.3841326750011 35.3037315 -80.7375071 50
172415398 505.3435636064136 255.5371514237353 35.303136 -80.739294 50
172415386 458.4700639078125 236.960673085379 35.302968 -80.73981000000001 50
172415380 398.6245956883415 184.5263514907293 35.3024938 -80.7404688 50
1775438445 363.3150427175624 154.0520810743151 35.3022182 -80.7408575 50
172415369 322.0282101354378 135.3429136050107 35.302049 -80.74131199999999 50
172415364 279.2425156430563 129.8141998145701 35.301999 -80.741783 50
172415360 73.94385417385502 167.7411764215786 35.302342 -80.744043 50
172415354 28.97799690543911 172.6064445572789 35.302386 -80.74453800000001 50
172415347 0 170.8372561441691 35.30237 -80.744857 50
