482708522 482708524
482708524 482708526
482708526 3702846007
3702846007 482708552
3702846007 482708547
482708552 482708557
482708557 482708561
482708547 653810629
653810629 653810659
653810629 482708542
482708542 482708538
482708538 482708535
482708535 653810625
653810625 729711280
653810625 653810692
729711280 653810618
653810618 653810703
653810618 482708532
482708532 482708531
482708531 482708528
482708531 729722090
482708528 729710897
729710897 729710899
729710897 482708500
482708500 3627440032
482708500 482708505
3627440032 482708458
3627440032 3627440031
482708458 2147643917
3627440031 482708457
3627440031 482708505
482708457 2147643912
482708505 482708511
482708511 4384937286
482708511 3702845998
4384937286 4076783594
3702845998 3702846003
