482708522 446.9061171811462 737.6741662887414 35.3074963 -80.73993729999999 50
482708524 410.0341142204908 774.1747347380582 35.3078264 -80.7403432 50
482708526 392.2112835206336 844.1571939055132 35.3084593 -80.7405394 50
3702846007 382.8365835813757 890.5099303298342 35.3088785 -80.7406426 50
482708552 427.2937362024353 909.9931177294345 35.3090547 -80.74015319999999 50
482708547 344.6473989437256 924.6994964149044 35.3091877 -80.741063 50
482708557 496.4412322690149 956.810266112777 35.3094781 -80.739392 50
482708561 507.6599865565277 982.3197515452799 35.3097088 -80.73926849999999 50
653810629 322.9456953038781 942.7673330834542 35.3093511 -80.7413019 50
653810659 319.6300310806447 946.3609970478033 35.3093836 -80.7413384 50
482708542 281.4953505112397 992.8574800311202 35.3098041 -80.74175820000001 50
482708538 272.9200435914018 1036.224711008406 35.3101963 -80.7418526 50
482708535 286.9548414661662 1088.117218651216 35.3106656 -80.74169809999999 50
653810625 313.3348110631127 1124.540385107011 35.310995 -80.7414077 50
729711280 343.3847213349761 1160.709230728254 35.3113221 -80.7410769 50
653810692 313.5346593179677 1105.510552237681 35.3108229 -80.7414055 50
653810618 358.1644081574483 1178.500631708266 35.311483 -80.74091420000001 50
653810703 358.1280721119515 1159.824636521699 35.3113141 -80.7409146 50
482708532 394.5458744946518 1217.455949079419 35.3118353 -80.74051369999999 50
482708531 415.4754371503575 1234.307468715451 35.3119877 -80.7402833 50
482708528 400.0053654472669 1278.636695891407 35.3123886 -80.7404536 50
729722090 435.941715215578 1239.637148809469 35.3120359 -80.740058 50
729710897 368.2749130353512 1305.539417199568 35.3126319 -80.74080290000001 50
729710899 372.7714987626551 1310.515259611527 35.3126769 -80.7407534 50
482708500 257.3046277040128 1244.911541766765 35.3120836 -80.7420245 50
3627440032 234.8216990686493 1246.835534165512 35.312101 -80.742272 50
482708505 230.0798450296195 1213.740653411467 35.3118017 -80.7423242 50
482708458 169.17154745741 1305.296153793064 35.3126297 -80.7429947 50
3627440031 226.0102078473039 1238.155453512944 35.3120225 -80.742369 50
2147643917 143.6363909344429 1330.750352086734 35.3128599 -80.74327580000001 50
482708457 162.358538778836 1297.611241623311 35.3125602 -80.74306970000001 50
2147643912 137.068650569907 1322.777946800396 35.3127878 -80.74334810000001 50
482708511 154.4009446463122 1125.292290182618 35.3110018 -80.74315729999999 50
4384937286 74.45255882236597 1029.391220761767 35.3101345 -80.7440374 50
3702845998 200.3478751639431 1091.920973739331 35.3107 -80.74265149999999 50
4076783594 10.93714993029016 958.3472485467278 35.309492 -80.7447366 50
3702846003 180.0269412818651 1028.595085976079 35.3101273 -80.7428752 50
