482711552 482711550
482711552 482711553
482711550 482711547
482711547 1871784100
1871784100 172668863
172668863 3702011126
172668863 172668856
172668863 172668866
3702011126 3702011130
3702011126 1833752464
3702011126 1833752470
3702011130 3702011132
1833752464 172668868
172668868 172897168
172668868 172897172
172668868 5742054536
172668868 172668866
172897168 3709683445
1833752456 1833752458
1833752458 1833752461
1833752461 1833752466
1833752466 1833752473
1833752473 1833752487
1833752487 1833752488
1833752488 1833752486
1833752486 1863678589
1863678589 1833752484
1833752484 1833752475
1833752475 172668838
1833752475 3702011142
1833752475 1833752478
172668838 482711565
172668838 172668843
172668838 172668835
482711565 1871784112
172668843 172668852
172668852 172668856
172668835 172668831
172668831 1863678587
1863678587 172668828
172668828 172668826
172668826 172668819
172668819 172668815
172668815 172668812
172668812 3527288651
3527288651 172668804
172668804 1269676764
1269676764 1269676740
1269676740 1269676743
1269676741 1269676746
3702011142 4045926710
1833752478 1833752477
1833752477 1833752472
1833752472 1833752470
2129659989 2129659986
2129659989 2129659995
2129659995 482711555
482711555 482711553
172897172 3709716379
3709716379 172897182
172897182 172897186
172897186 172897189
5742054536 172668883
172668883 3629358002
3629358002 3702888191
3702888191 172668890
