482711552 1203.086492253308 1081.151039274332 35.3106026 -80.731613 50
482711550 1240.567123987591 1116.247314420646 35.31092 -80.73120040000001 50
482711553 1199.961592273555 1059.467423785337 35.3104065 -80.7316474 50
482711547 1295.316461716349 1120.559711177162 35.310959 -80.7305977 50
1871784100 1341.081712004185 1144.487984465633 35.3111754 -80.7300939 50
172668863 1346.014330286695 1147.661466181042 35.3112041 -80.7300396 50
3702011126 1353.118027333866 1154.693990123399 35.3112677 -80.72996139999999 50
172668856 1304.164288985503 1188.761924504163 35.3115758 -80.7305003 50
172668866 1361.23004966553 1133.519016303508 35.3110762 -80.72987209999999 50
3702011130 1379.788685300565 1202.605823837063 35.311701 -80.7296678 50
1833752464 1388.036967805154 1128.908069001656 35.3110345 -80.72957700000001 50
1833752470 1340.445831194123 1167.730697243267 35.3113856 -80.7301009 50
3702011132 1402.298865970051 1236.905964196986 35.3120112 -80.72942 50
172668868 1417.105804827802 1113.482957524723 35.310895 -80.729257 50
172897168 1411.746238002614 1044.152886584663 35.310268 -80.729316 50
172897172 1431.640223339703 1158.376113508615 35.311301 -80.729097 50
5742054536 1482.229083768937 1114.157460607511 35.3109011 -80.7285401 50
3709683445 1411.382877539557 986.9859859838548 35.309751 -80.72932 50
1833752456 769.7428043462227 997.5126570430539 35.3098462 -80.73638339999999 50
1833752458 787.4112068480956 1037.109305214961 35.3102043 -80.7361889 50
1833752461 806.2605308551947 1089.068157423245 35.3106742 -80.7359814 50
1833752466 803.8896038345242 1143.769251672059 35.3111689 -80.7360075 50
1833752473 820.8585374467159 1201.124128540539 35.3116876 -80.7358207 50
1833752487 865.2521019870003 1231.919064357682 35.3119661 -80.735332 50
1833752488 924.1164969561004 1232.914232839089 35.3119751 -80.734684 50
1833752486 981.8998945497132 1225.704790056405 35.3119099 -80.73404789999999 50
1863678589 1034.142045084876 1225.063459256354 35.3119041 -80.7334728 50
1833752484 1113.518138179534 1224.510587877169 35.3118991 -80.73259899999999 50
1833752475 1166.268993362053 1216.29491918292 35.3118248 -80.73201829999999 50
172668838 1165.9238009229 1206.287947221576 35.3117343 -80.73202209999999 50
3702011142 1169.439313398677 1267.369177186056 35.3122867 -80.7319834 50
1833752478 1216.894189839095 1217.323259949175 35.3118341 -80.731461 50
482711565 1111.083623078089 1187.247056925605 35.3115621 -80.73262579999999 50
172668843 1214.977463397535 1208.709523862081 35.3117562 -80.73148209999999 50
172668835 1111.601411736819 1215.896851790076 35.3118212 -80.73262010000001 50
1871784112 1066.853570746007 1186.030739891679 35.3115511 -80.73311270000001 50
172668852 1258.489878816032 1207.603781104415 35.3117462 -80.7310031 50
172668831 1068.179836434376 1216.007426067038 35.3118222 -80.73309810000001 50
1863678587 1007.41688304762 1216.748273715301 35.3118289 -80.733767 50
172668828 922.1997705145407 1224.300496753403 35.3118972 -80.7347051 50
172668826 863.3353755454407 1223.305328270589 35.3118882 -80.7353531 50
172668819 826.1817682264068 1193.947858040592 35.3116227 -80.7357621 50
172668815 810.8297886746477 1143.74713681737 35.3111687 -80.7359311 50
172668812 814.6087374872106 1089.046042567852 35.310674 -80.7358895 50
3527288651 799.4475221777768 1045.888902715036 35.3102837 -80.7360564 50
172668804 776.6829891851905 997.4905421876614 35.309846 -80.736307 50
1269676764 772.0047232269358 986.0350472118258 35.3097424 -80.73635849999999 50
1269676740 828.0803266440623 976.1939366648697 35.3096534 -80.73574120000001 50
1269676743 837.2642623409952 949.5676510466527 35.3094126 -80.7356401 50
1269676741 908.2376447330812 886.6398306762444 35.3088435 -80.7348588 50
1269676746 922.8629033587251 893.9045605977612 35.3089092 -80.73469780000001 50
4045926710 1168.966944799129 1335.880998485034 35.3129063 -80.73198859999999 50
1833752477 1260.406605256436 1216.217517190805 35.3118241 -80.730982 50
1833752472 1306.916744490823 1199.852524369188 35.3116761 -80.73047 50
2129659989 1277.711647296407 961.465443125414 35.3095202 -80.7307915 50
2129659986 1142.160026657194 950.6844512316634 35.3094227 -80.7322837 50
2129659995 1277.86607549208 994.4386921744491 35.3098184 -80.7307898 50
482711555 1226.468738032052 1017.637175242002 35.3100282 -80.7313556 50
3709716379 1461.281353090483 1218.594864120526 35.3118456 -80.7287707 50
172897182 1479.876324773326 1265.412012503868 35.312269 -80.728566 50
172897186 1493.684022357957 1322.136615999641 35.312782 -80.728414 50
172897189 1496.68174617616 1338.612183097517 35.312931 -80.728381 50
172668883 1535.016274999264 1109.723432147392 35.310861 -80.727959 50
3629358002 1581.980614812763 1088.415769196552 35.3106683 -80.727442 50
3702888191 1610.25914282852 1073.44401224989 35.3105329 -80.7271307 50
172668890 1626.85563196628 1064.719701887241 35.310454 -80.72694799999999 50
