172526236 653813749
653813749 3702167401
3702167401 172526256
172526256 1825881080
172526256 1833752424
1825881080 172668769
172668769 172668778
172668778 1825447256
1825447256 172668784
1825447256 1825447252
172668784 172668790
172668790 1816672586
1816672586 172228464
172228464 482708521
172228464 172668794
172228464 172228453
482708521 4493122549
482708521 1833752449
482708521 1833752442
4493122549 4493122551
4493122551 4493122553
4493122553 4493122555
4493122555 4493122557
4493122557 4854194050
4854194050 4854194046
4854194050 482708522
4854194046 4614310447
4614310447 1833732445
1833732445 1833732444
1833752449 1833752450
1833752450 1833752452
1833752452 1833752456
1269676764 172668796
172668796 1269676745
1269676745 172668794
1269676745 1833757364
1833757364 1269676741
1833752442 1833752439
1833752439 1833752434
1833752434 1833752431
1833752431 1833752428
1833752428 1833752426
1833752426 1833752424
172228453 172228449
172228449 172228444
172228444 172228436
172228436 172228430
1825447252 1825447254
