172526236 1039.846804350373 380.3755088263456 35.304265 -80.73341000000001 50
653813749 766.9721808169977 381.1274139019524 35.3042718 -80.7364139 50
3702167401 713.6853689518443 382.4321903560407 35.3042836 -80.73700049999999 50
172526256 705.100978018321 382.5869943423812 35.304285 -80.737095 50
1825881080 708.8345067717016 461.879807534407 35.3050021 -80.73705390000001 50
1833752424 698.1607931793529 382.6091091984771 35.3042852 -80.73717139999999 50
172668769 709.2796233394383 554.1982704175491 35.305837 -80.737049 50
172668778 722.7239604621673 607.3844970878056 35.306318 -80.736901 50
1825447256 726.4302371837366 614.0631833481041 35.3063784 -80.7368602 50
172668784 756.8980119869029 661.7649259380014 35.3068098 -80.7365248 50
1825447252 773.930533678714 598.7375887193821 35.3062398 -80.7363373 50
172668790 763.7019366517909 714.2324198146847 35.3072843 -80.7364499 50
1816672586 763.6656006051384 779.1505771507208 35.3078714 -80.7364503 50
172228464 763.3113241546107 786.7580873262489 35.3079402 -80.7364542 50
482708521 754.9176974645681 786.5479962024822 35.3079383 -80.7365466 50
172668794 760.7859689394231 836.6049708674112 35.308391 -80.736482 50
172228453 817.2885208992266 787.0676952989299 35.307943 -80.73586 50
4493122549 704.5105172662859 789.6219610703836 35.3079661 -80.73710149999999 50
1833752449 753.8457840981437 836.6270857221004 35.3083912 -80.73655840000001 50
1833752442 757.4067166342588 716.1674696414796 35.3073018 -80.7365192 50
4493122551 657.4462533242039 791.579125752571 35.3079838 -80.7376196 50
4493122553 616.6772094008096 773.4781168005808 35.3078201 -80.7380684 50
4493122555 578.0792442420752 736.1371838547906 35.3074824 -80.7384933 50
4493122557 526.3003782973975 717.5828203718268 35.3073146 -80.7390633 50
4854194050 517.4071309702173 716.5434221796347 35.3073052 -80.7391612 50
4854194046 529.6796306002503 670.8541314093507 35.306892 -80.7390261 50
482708522 446.9061171811462 737.6741662887414 35.3074963 -80.73993729999999 50
4614310447 570.930127136878 646.5167333013947 35.3066719 -80.738572 50
1833732445 660.8255056293681 645.4773351092026 35.3066625 -80.73758239999999 50
1833732444 696.5710911530427 645.0239805789323 35.3066584 -80.73718890000001 50
1833752450 754.6633451403122 883.9418183464982 35.3088191 -80.7365494 50
1833752452 756.2076271074402 949.081124232942 35.3094082 -80.7365324 50
1833752456 769.7428043462227 997.5126570430539 35.3098462 -80.73638339999999 50
1269676764 772.0047232269358 986.0350472118258 35.3097424 -80.73635849999999 50
172668796 762.0577305572355 910.1368642884305 35.309056 -80.736468 50
1269676745 761.6035299781245 883.9197034911057 35.3088189 -80.736473 50
1833757364 811.1295610557747 884.8374699811009 35.3088272 -80.7359278 50
1269676741 908.2376447330812 886.6398306762444 35.3088435 -80.7348588 50
1833752439 752.9282989308592 666.8513426255163 35.3068558 -80.7365685 50
1833752434 721.9790715133038 614.1737576236596 35.3063794 -80.7369092 50
1833752431 703.8837204675981 573.5708835422972 35.3060122 -80.7371084 50
1833752428 701.9760780385684 465.8715388916002 35.3050382 -80.7371294 50
1833752426 700.8859966493957 414.6756491869714 35.3045752 -80.7371414 50
172228449 885.5094477871475 788.5051608839663 35.307956 -80.73510899999999 50
172228444 939.8318369720727 791.2695177798898 35.307981 -80.734511 50
172228436 999.5137929821852 802.6586681895481 35.308084 -80.73385399999999 50
172228430 1050.111737425104 804.5384308789169 35.308101 -80.73329699999999 50
1825447254 794.9236844163504 608.4902398468785 35.306328 -80.73610619999999 50
