482711552 3799202595
482711552 3799202596
482711553 3799202596
482711553 3799202597
482711554 3799202597
482711554 2401932215
482711555 482711556
482711555 2401932215
482711556 482711557
482711557 2129659995
172668739 5727996232
172668739 172668736
482711560 3702011142
482711560 4045926710
482711561 2052651169
482711561 172668838
482711562 2052651168
482711562 2052651169
482711563 482711564
482711563 2052651168
482711564 1871768809
482711565 482711566
482711565 1871768809
482711566 1871784112
5423858449 3627440194
5423858449 172773921
4854194050 4854194049
4854194050 4493122557
4854194050 4493122558
172526256 1825881066
172526256 172668763
172526256 1833752424
172526256 3702167401
1868062758 482708511
1868062758 4384937286
2129659958 2129718110
2129659958 172228419
2129659958 172228421
2129659959 2129659960
2129659959 1871784029
2129659959 1807875086
2129659960 2129659965
653822012 172526226
653822012 3702167400
2129659965 2129659974
2129659966 2129659991
2129659966 2129718110
3627440193 5727984935
3627440193 3627440073
3627440194 3627440195
3627440195 4614310424
2129659972 2129659974
2129659972 2129659973
3627440197 4614310422
3627440197 3627440060
2129659974 2129659989
2129659975 2129659976
2129659975 2129659973
2129659976 2129659977
2129659977 2129659979
3627440202 5727976707
2129659979 2129659981
3627440204 3627440205
3627440204 3627440203
3627440205 1805458707
3627440206 172897072
3627440206 172897073
3627440207 3627440208
3627440207 1805364136
3627440208 3627440209
3627440209 3627440210
2129659986 2129659987
2129659987 2129659988
2129659988 2129659989
3627440213 3627440214
3627440213 3627440212
3627440214 3627440215
2129659991 2129718175
2129659992 2129659995
2129659992 2129659989
3627440217 3627440216
3627440217 3627440059
3627440217 3627440060
2129659994 2129659996
2129659994 2129718175
2129659995 2129659996
1871784029 172228421
3627440222 3627440223
3627440222 3627440240
3627440223 3627440224
3627440224 3627440225
3627440224 3627440241
3627440225 3627440226
3627440226 3627440227
3627440227 3627440234
3627440228 3627440229
3627440228 3627440237
3627440228 3627440244
3627440229 3627440230
3627440230 3627440231
3627440231 3627440232
3627440231 3627440245
3627440232 3627440233
3627440233 3627440238
3627440234 3627440235
3627440234 3627440247
3627440235 3627440236
3627440236 3627440237
3627440237 3627440243
3627440238 3627440239
3627440239 3627440240
3627440239 3627440246
3627440241 172897129
3627440242 3627440243
3627440242 172716806
3627440244 1804645376
3627440245 1804645376
3627440246 172897129
3627440247 172716806
1062485321 172225285
1062485321 172225286
4565612431 4565612434
4565612431 4565612430
4565612431 4565612432
1871784100 172668863
1871784100 482711546
482710419 482710418
482710419 482710420
4565612433 4565612432
4565612434 4565612435
4565612435 4565612436
5189402883 2147643912
5189402883 5189367046
5189402884 2147643917
5189402884 5189367047
1807636748 2129718107
1807636748 1806268012
1833752485 1863678589
1833752485 1833752484
729711324 729711280
729711324 653810622
3729890204 172225321
3729890204 172225323
1816672560 172668781
1816672560 172668784
729710897 729710899
729710897 482708528
729710897 729711933
1816672566 172668788
1816672566 172668790
172130628 172415347
172130628 172415351
5727996232 172415416
5727996233 172668742
5727996233 172668745
1816672586 172228464
1816672586 172668792
5727996235 1833752415
5727996235 1833752414
1816672591 4493122549
1816672591 482708521
1863518545 1863518546
1863518545 653813749
1863518546 172526230
1833732444 1833732445
1833732445 1775112168
5728123238 3702888175
5728123238 3702888176
5727987972 172415416
5727987972 4363571174
4614310447 1775112168
4614310447 4614310448
172415351 172415354
172415354 172415357
3709716371 5742054536
3709716371 172668878
172415357 172415360
172415360 172415362
172415362 172415364
172415364 172415366
172415366 172415368
172415368 172415369
172415369 172415371
172415371 1803349835
172415374 1775438445
172415374 1803349835
172415376 172415380
172415376 1775438445
172415380 172415382
172668836 172668835
172668836 172668837
172415382 172415384
172415384 172415386
3627440196 4614310424
3627440196 3627440054
172415386 172415391
172415391 172415393
172415393 172415396
172415396 172415398
3627440198 3627440199
3627440198 4614310422
172415398 172415402
172415402 172415405
3627440199 3627440200
172415405 172415408
172415408 172415411
3627440200 3627440201
172415411 172415414
172415414 5425493496
3627440201 5727976707
172415416 172668742
172415416 1833752413
3709683445 172897167
3709683445 172897168
3627440203 172897070
2129828302 172716814
2129828302 172716817
482708458 3627440032
482708458 5189367047
3702888185 3702888184
3702888185 3702888186
729715165 482708535
729715165 482708536
653847012 653847410
653847012 3627440071
653847012 3627440092
172668827 172668828
172668827 172668826
3627440210 3627440211
3627440211 3627440212
3627440215 4614310446
3627440216 4614310446
172228446 172228449
172228446 172228444
784540185 172897163
784540185 172897165
729711131 653810709
729711131 482708533
4614310431 3627440068
4614310431 3627440069
4854194049 4854194048
172773921 172773924
172773924 172773927
172716806 172716809
4614310438 3627440078
4614310438 3627440079
172773927 172773930
172773930 172773933
4614310444 172897066
4614310444 172897068
3702845997 3702845998
3702845997 482708511
3702845998 3702845999
3702845999 3702846000
3702846000 3702846001
3702846001 3702846002
3702846002 3702846003
3702846004 3702846005
3702846004 482708552
3702846005 3702846006
3702846006 3702846007
3702846007 482708527
3702846007 482708566
3702846008 3702846014
3702846008 482708552
3702846014 482708555
172716814 172716809
172716817 3729890232
3709716379 172897173
3709716379 172897176
172225300 172225297
172225300 172225303
1863678586 1863678587
1863678586 172668831
1863678587 1863678588
1863678588 172668829
1863678589 1863678590
1863678590 1833752486
3709716380 172897173
3709716380 172897172
172526226 172526230
172526233 172526236
172526233 1805711345
172526236 172526239
172526239 172526241
172526241 1805711347
172526244 1805711347
172526244 1805711348
172668765 1825881066
172668765 1825881080
172526247 172773936
172526247 1805711348
729715371 653810625
729715371 482708534
729711280 653810618
1833757364 1269676741
1833757364 1873548677
1269676740 1269676766
1269676740 1873548706
1269676741 1269676763
1269676743 1269676771
1805368008 5425496872
1805368008 1805364143
1269676745 172668794
1269676745 1873548677
1269676745 172668796
1269676746 1269676763
3799202595 482711551
1269676758 1873548706
1269676758 1873548707
1269676764 172668804
1269676764 1873548707
1269676764 172668803
172668835 172668831
1269676766 1269676771
5425496872 172897100
172225285 482710412
172225285 3729890221
172225286 172225288
172225288 172225290
172225290 172225292
172225292 172225294
172225294 172225297
172225297 5727993801
172716819 172716820
172716819 5728115773
172716820 172716821
172225303 172225306
172225306 172225308
172225308 172225312
172225312 172225315
3799202593 482711548
3799202593 482711549
3799202594 482711549
3799202594 482711550
172225315 172225319
172897062 172897066
172897062 3627440050
172897062 3627440051
172225319 172225320
172225320 172225321
172225323 3627440066
172225323 3627440070
172897068 172897070
172897072 1805458707
172897073 1805364136
172897074 1805364136
172897074 1805458745
172897076 172897078
172897076 1805394945
172897078 172897080
172668838 172668841
172668838 172668837
172668838 1833752475
172897080 172897088
1804657465 172897125
1804657465 172897127
172897088 172897093
172897093 172897099
172897099 1805364143
172897100 172897101
172897101 172897102
172897102 172897104
172897104 172897106
172897106 172897108
172897108 172897111
4837362517 4076783594
4837362517 4384937286
2129718103 172228416
2129718103 172228419
1868077983 172897119
1868077983 172897122
2129718107 172228410
2129718108 1806268012
2129718108 1806268014
172228410 172228413
172897119 172897116
172897122 172897125
1833752479 1833752477
1833752479 1833752480
172897127 172897129
1825881135 1825447251
1825881135 1825447255
172668733 172668736
172668733 172668730
172897137 172897140
172897137 1804645376
172897140 172897141
172897141 172897142
172897142 172897144
482710391 3729890221
482710391 4565612429
172897144 172897147
172897147 172897150
172897150 172897153
482710400 482710401
482710400 3729890217
482710401 482710402
482710402 482710403
482710403 482710407
172897156 172897159
172897156 172897153
172897159 172897162
1833752412 1833752413
1833752412 5727996234
172897162 1806800183
172897163 1806800183
482710412 482710415
172897165 172228408
172897167 1806268028
172897168 172897169
172897169 172668868
482710418 482710417
172897171 172897170
172897171 172897172
172897176 172897178
172897178 172897180
172897180 172897182
172897182 2902023892
172897184 172897186
172897184 2902023892
172897186 172897189
3729890217 5727993801
1805364138 1805394945
1805364138 1805458745
3629358002 5742054559
3629358002 3702888191
3729890232 5728115773
653810618 653810703
653810618 482708533
3627440033 482708508
3627440033 3627440039
653810622 653810625
653810625 653810692
653810629 653810659
653810629 482708546
653810629 482708547
5423858634 4565612430
5423858634 4565612429
4614310452 4854194046
4614310452 4614310451
482708457 482708503
482708457 5189367046
4493122549 4493122550
4493122550 4493122551
4493122551 4493122552
1825881080 172668767
4493122553 4493122552
4493122553 4493122554
1863560186 2129814754
1863560186 2129814755
4493122555 4493122554
4493122555 4493122556
1863556092 1863556093
1863556092 172228423
1863556093 172228426
1863556094 1863556095
1863556094 1808960711
1863556095 2129814754
172897111 172897113
1807875086 172228423
482708499 172668806
482708499 3527288651
482708500 482708506
482708500 3627440035
482708500 3627440043
653810709 482708532
482708503 3627440031
482708505 482708509
482708505 482708511
482708505 3627440047
482708506 729711933
482708508 3627440034
482708509 3627440034
1825881122 172668772
1825881122 172668769
172668763 172668761
482708521 1873575206
482708521 172228464
482708521 1833752445
482708522 482708523
482708522 4493122558
482708523 482708524
482708524 482708525
482708525 482708526
482708526 482708527
482708528 482708529
482708529 482708530
482708530 482708531
482708531 482708532
482708531 729722090
482708534 482708535
482708536 729716714
482708538 482708540
482708538 729716714
1833752415 1833752416
482708540 482708542
482708542 482708544
482708544 482708546
482708547 482708549
482708549 482708566
1833752417 1833752416
1833752417 1833752418
482708555 482708557
482708557 482708559
482708559 482708561
172668772 172668775
172627038 172668710
1833752421 1833752419
1833752421 1833752422
1833752423 1833752424
1833752423 1833752422
1833752424 1833752425
482710390 482710389
482710390 4565612429
3702167401 3702167400
1833752426 1833752425
1833752426 1833752427
172668841 172668843
5742054536 172668875
4493122557 4493122556
172668781 1825447256
5742054544 172668878
5742054544 172668881
5742054552 172668883
5742054552 172668884
5742054559 172668886
1833752432 1833752431
1833752432 1833752433
172668787 172668784
172668787 172668788
1833752436 1833752438
1833752436 1833752435
172897170 172668868
482710389 4363571168
1833752438 1833752439
1808960710 1808960711
1808960710 172228426
1808960712 2129814755
1808960712 172228430
1833752439 1833752440
1833752440 1833752441
172668794 1873575203
4854194046 4854194047
3702011126 3702011127
3702011126 1833752465
3702011126 1833752467
3702011126 172668863
3702011127 3702011128
3702011128 3702011129
3702011129 3702011130
3702011130 3702011140
3702011131 3702011132
3702011131 3702011140
4854194048 4854194047
3702011142 1833752475
172668802 172668803
172668802 172668798
172773933 5727976708
172668804 172668806
1873575195 172228458
1873575195 172228464
172773936 5727976708
1873575203 172228464
172668883 172668881
1873575206 1833752448
4614310449 4614310450
4614310449 4614310448
1871772968 482711547
1871772968 482711546
4614310450 4614310454
4614310451 4614310454
172668812 172668815
172668812 172668809
1825447251 1825447252
1825447252 1825447253
1825447253 1825447254
1825447255 1825447256
1825447256 172668778
1833752463 172668868
1833752463 1833752464
172228449 172228453
1833752465 1833752464
1833752466 1833752461
1833752466 1833752468
1833752467 1833752470
3709716355 3702888187
3709716355 3702888188
172668823 172668819
172668823 172668826
172668761 172668760
1833752474 1833752472
1833752474 1833752477
172668828 172668829
3627440031 3627440044
3627440031 3627440045
3627440032 3627440037
3627440032 3627440038
3627440035 3627440036
1833752486 1833752488
1833752487 1833752489
1833752487 1833752482
1833752488 1833752489
5425493496 1833752413
5425493503 1833752410
5425493503 1833752411
172668843 172668846
172897113 172897116
172668846 172668849
172668849 172668852
4614310433 3627440066
4614310433 3627440067
172668852 172668854
172668854 172668856
172668796 172668798
172668856 172668858
482710415 482710417
3627440058 3627440051
3627440058 3627440059
172668860 172668863
172668860 172668858
172228458 172228453
1806268014 1806268017
1806268017 172228408
172668863 172668866
1806268028 172228408
172668866 172668867
172668867 1833752462
1806268053 172668868
1806268053 172668871
172668868 1833752462
1871772955 482711550
1871772955 482711551
172668871 172668875
3627440080 3627440050
3627440080 3627440079
5727984934 3627440091
5727984934 3627440092
5727984935 3627440071
172668736 1833752410
3702888176 3702888177
3702888177 3702888178
3702888178 3702888179
3702888179 3702888180
3702888180 3702888192
3702888181 3702888182
3702888181 3702888192
3702888182 3702888183
3702888183 3702888184
172668884 172668886
3702888186 3702888187
3702888188 3702888189
3702888189 3702888190
3702888190 3702888191
3702888191 172668888
172668888 172668890
172668710 172668713
172668713 172668716
172668716 172668719
172668719 172668721
172668721 172668724
172668724 172668727
172668727 172668730
172228413 172228416
172668745 172668748
3527288651 172668809
172668748 172668751
172228430 172228436
172668751 172668754
172668754 172668757
4363571171 4363571170
4363571171 4363571172
172228436 172228438
172668757 1833752420
172228438 172228441
172668760 1833752420
172228441 172228444
1833752411 5727996234
1833752413 1833752414
172668767 172668769
1833752418 1833752419
172668775 172668778
1833752427 1833752428
1833752428 1833752429
1833752429 1833752430
1833752430 1833752431
1833752433 1833752434
1833752434 1833752435
172668790 172668791
172668791 172668792
1833752441 1833752442
1833752442 1833752443
1833752443 1833752444
1833752444 1833752445
1833752448 1833752449
1833752449 1833752450
1833752450 1833752451
1833752451 1833752452
1833752452 1833752453
1833752453 1833752454
1833752454 1833752455
1833752455 1833752456
1833752456 1833752457
1833752457 1833752458
1833752458 1833752459
1833752459 1833752460
1833752460 1833752461
172668815 172668817
172668817 172668818
172668818 172668819
1833752468 1833752469
1833752469 1833752473
1833752470 1833752471
1833752471 1833752472
1833752473 1833752482
1833752475 1833752476
1833752475 1833752481
1833752476 1833752478
1833752478 1833752480
1833752481 1833752483
1833752483 1833752484
3627440037 3627440036
3627440038 3627440044
3627440039 3627440040
3627440040 3627440041
3627440041 3627440042
3627440042 3627440043
3627440045 3627440046
3627440046 3627440047
3627440048 3627440049
3627440048 3627440065
3627440049 3627440050
3627440052 3627440053
3627440052 3627440061
3627440053 3627440054
3627440054 3627440055
3627440055 3627440056
3627440055 3627440068
3627440056 3627440057
3627440057 3627440062
3627440060 3627440061
3627440062 3627440063
3627440063 3627440064
3627440063 3627440067
3627440064 3627440065
3627440064 3627440081
3627440069 3627440070
3627440073 3627440074
3627440074 3627440075
3627440075 3627440076
3627440076 3627440077
3627440077 3627440078
3627440081 3627440082
3627440082 3627440083
3627440083 3627440084
3627440084 3627440085
3627440085 3627440086
3627440086 3627440087
3627440087 3627440088
3627440088 3627440089
3627440089 3627440090
3627440090 3627440091
4363571168 4363571169
4363571169 4363571170
482711547 482711548
4363571172 4363571173
4363571173 4363571174
1805711345 653813749
