482711552 35.3106026 -80.7316130
482711553 35.3104065 -80.7316474
482711554 35.3101753 -80.7315444
482711555 35.3100282 -80.7313556
482711556 35.3098812 -80.7310637
482711557 35.3098321 -80.7308749
172668739 35.3026171 -80.7382350
482711560 35.3123045 -80.7319821
482711561 35.3116914 -80.7320293
482711562 35.3115748 -80.7320705
482711563 35.3115271 -80.7321967
482711564 35.3115411 -80.7323426
482711565 35.3115621 -80.7326258
482711566 35.3115551 -80.7329348
5423858449 35.3030961 -80.7322260
4854194050 35.3073052 -80.7391612
172526256 35.3042850 -80.7370950
1868062758 35.3108860 -80.7432748
2129659958 35.3080837 -80.7305135
2129659959 35.3080864 -80.7307925
2129659960 35.3081282 -80.7307924
653822012 35.3042795 -80.7367709
2129659965 35.3083615 -80.7307872
2129659966 35.3083627 -80.7305083
3627440193 35.3017623 -80.7314136
3627440194 35.3030272 -80.7322044
3627440195 35.3029073 -80.7322009
2129659972 35.3085590 -80.7309147
3627440197 35.3028683 -80.7320328
2129659974 35.3085632 -80.7307880
2129659975 35.3085866 -80.7313894
2129659976 35.3086111 -80.7317600
2129659977 35.3086292 -80.7320334
3627440202 35.3043530 -80.7321655
2129659979 35.3086611 -80.7322602
3627440204 35.3028929 -80.7307799
3627440205 35.3028885 -80.7304047
3627440206 35.3028813 -80.7297871
3627440207 35.3030026 -80.7296261
3627440208 35.3029766 -80.7297712
3627440209 35.3029793 -80.7301511
2129659986 35.3094227 -80.7322837
2129659987 35.3095081 -80.7309341
2129659988 35.3095127 -80.7309128
3627440213 35.3029304 -80.7313232
3627440214 35.3028596 -80.7315426
2129659991 35.3097148 -80.7305109
2129659992 35.3097218 -80.7307923
3627440217 35.3027805 -80.7319245
2129659994 35.3098014 -80.7305630
2129659995 35.3098184 -80.7307898
2129659996 35.3098227 -80.7307168
1871784029 35.3080862 -80.7307104
3627440222 35.3053325 -80.7281482
3627440223 35.3053214 -80.7280954
3627440224 35.3053249 -80.7280411
3627440225 35.3053427 -80.7279912
3627440226 35.3053728 -80.7279511
3627440227 35.3054120 -80.7279252
3627440228 35.3055862 -80.7280419
3627440229 35.3055895 -80.7280958
3627440230 35.3055785 -80.7281482
3627440231 35.3055542 -80.7281933
3627440232 35.3055193 -80.7282264
3627440233 35.3054775 -80.7282439
3627440234 35.3054558 -80.7279163
3627440235 35.3054997 -80.7279254
3627440236 35.3055387 -80.7279516
3627440237 35.3055686 -80.7279919
3627440238 35.3054334 -80.7282439
3627440239 35.3053917 -80.7282264
3627440240 35.3053568 -80.7281933
3627440241 35.3052834 -80.7281242
3627440242 35.3056098 -80.7278623
3627440243 35.3055765 -80.7279543
3627440244 35.3056487 -80.7280817
3627440245 35.3056372 -80.7281525
3627440246 35.3053007 -80.7282038
3627440247 35.3055477 -80.7278446
1062485321 35.3011868 -80.7344744
4565612431 35.3021259 -80.7366714
2052651168 35.3115403 -80.7321255
2052651169 35.3116185 -80.7320452
1871784100 35.3111754 -80.7300939
1871784112 35.3115511 -80.7331127
482710419 35.3015996 -80.7350688
4565612433 35.3022145 -80.7363194
4565612434 35.3023059 -80.7367275
4565612435 35.3024200 -80.7368089
5189402883 35.3126753 -80.7432104
5189402884 35.3127450 -80.7431355
1807636748 35.3080854 -80.7300021
1833752485 35.3119001 -80.7330770
4565612436 35.3024893 -80.7368796
729711324 35.3111354 -80.7412658
3729890204 35.3023536 -80.7326655
1816672560 35.3065988 -80.7366847
729710897 35.3126319 -80.7408029
729710899 35.3126769 -80.7407534
1816672566 35.3071112 -80.7364515
172130628 35.3023780 -80.7447490
5727996232 35.3027925 -80.7381572
5727996233 35.3030459 -80.7380333
1816672586 35.3078714 -80.7364503
5727996235 35.3030859 -80.7381351
1816672591 35.3079421 -80.7366225
1863518545 35.3042715 -80.7364998
1863518546 35.3042724 -80.7365570
1833732444 35.3066584 -80.7371889
1833732445 35.3066625 -80.7375824
5728123238 35.3070852 -80.7260526
5727987972 35.3028860 -80.7380060
4614310447 35.3066719 -80.7385720
172415347 35.3023700 -80.7448570
172415351 35.3023850 -80.7446440
172415354 35.3023860 -80.7445380
3709716371 35.3109044 -80.7283499
172415357 35.3023740 -80.7443140
172415360 35.3023420 -80.7440430
172415362 35.3020130 -80.7419570
172415364 35.3019990 -80.7417830
172415366 35.3020030 -80.7415930
172415368 35.3020220 -80.7414400
172415369 35.3020490 -80.7413120
172415371 35.3020650 -80.7412470
172415374 35.3021910 -80.7409050
172415376 35.3022620 -80.7407810
172415380 35.3024938 -80.7404688
172668836 35.3117881 -80.7323775
172415382 35.3028830 -80.7399510
172415384 35.3029350 -80.7398640
3627440196 35.3027845 -80.7322221
172415386 35.3029680 -80.7398100
172415391 35.3030380 -80.7396560
172415393 35.3030670 -80.7395760
172415396 35.3030950 -80.7394830
3627440198 35.3029708 -80.7320841
172415398 35.3031360 -80.7392940
172415402 35.3031590 -80.7391110
3627440199 35.3031037 -80.7321142
172415405 35.3031647 -80.7390362
172415408 35.3031570 -80.7388570
3627440200 35.3033218 -80.7321372
172415411 35.3031330 -80.7386900
172415414 35.3031060 -80.7385710
3627440201 35.3037391 -80.7321478
172415416 35.3029263 -80.7380978
3709683445 35.3097510 -80.7293200
3627440203 35.3028741 -80.7310206
2129828302 35.3058665 -80.7274135
2129659981 35.3087106 -80.7323789
482708458 35.3126297 -80.7429947
3702888185 35.3093985 -80.7269312
729715165 35.3105093 -80.7417678
653847012 35.3014241 -80.7312471
172668827 35.3119342 -80.7350351
3627440210 35.3029911 -80.7305145
3627440211 35.3029968 -80.7308224
3627440212 35.3029622 -80.7311002
2129659989 35.3095202 -80.7307915
2147643912 35.3127878 -80.7433481
3627440215 35.3028163 -80.7316665
2147643917 35.3128599 -80.7432758
3627440216 35.3027975 -80.7318169
172228446 35.3079710 -80.7346610
4614310424 35.3028912 -80.7322056
784540185 35.3076657 -80.7293193
729711131 35.3116306 -80.7407523
4614310431 35.3025669 -80.7323884
4854194049 35.3071983 -80.7391424
172773921 35.3031456 -80.7322416
172773924 35.3032871 -80.7322787
172716806 35.3056560 -80.7277420
4614310438 35.3023847 -80.7318703
172773927 35.3034705 -80.7322876
172773930 35.3036294 -80.7322911
4614310444 35.3027098 -80.7317049
3702845997 35.3109579 -80.7429954
3702845998 35.3107000 -80.7426515
3702845999 35.3106156 -80.7425928
3702846000 35.3105289 -80.7425760
3702846001 35.3104490 -80.7425872
3702846002 35.3103669 -80.7426487
3702846003 35.3101273 -80.7428752
3702846004 35.3090311 -80.7402603
3702846005 35.3090038 -80.7403669
3702846006 35.3089407 -80.7405090
3702846007 35.3088785 -80.7406426
3702846008 35.3090770 -80.7400926
3702846014 35.3091129 -80.7399956
172716814 35.3058480 -80.7274390
172716817 35.3061580 -80.7270120
3709716379 35.3118456 -80.7287707
1775438445 35.3022182 -80.7408575
172225300 35.3014230 -80.7333830
1863678586 35.3118263 -80.7335070
1863678587 35.3118289 -80.7337670
1863678588 35.3118315 -80.7340154
1863678589 35.3119041 -80.7334728
1863678590 35.3119071 -80.7337670
3709716380 35.3114033 -80.7290421
172526226 35.3042750 -80.7367590
172526230 35.3042730 -80.7367000
172526233 35.3042600 -80.7335220
172526236 35.3042650 -80.7334100
172526239 35.3043290 -80.7329870
172526241 35.3043400 -80.7328720
172526244 35.3043460 -80.7326440
172668765 35.3045750 -80.7370650
172526247 35.3043533 -80.7323101
729715371 35.3109525 -80.7414507
729711280 35.3113221 -80.7410769
1833757364 35.3088272 -80.7359278
1269676740 35.3096534 -80.7357412
1269676741 35.3088435 -80.7348588
1269676743 35.3094126 -80.7356401
1805368008 35.3036622 -80.7289322
1269676745 35.3088189 -80.7364730
1269676746 35.3089092 -80.7346978
3799202595 35.3106606 -80.7315579
1269676758 35.3097081 -80.7361757
1269676763 35.3088544 -80.7346952
1269676764 35.3097424 -80.7363585
172668835 35.3118212 -80.7326201
1269676766 35.3095899 -80.7356581
1269676771 35.3094958 -80.7356393
5425496872 35.3036620 -80.7288681
172225285 35.3011886 -80.7346944
172225286 35.3011840 -80.7341180
172225288 35.3012040 -80.7339580
172716809 35.3057630 -80.7275560
172225290 35.3012410 -80.7338020
172225292 35.3012760 -80.7336940
172225294 35.3013080 -80.7336110
172225297 35.3013830 -80.7334530
172716819 35.3066390 -80.7263650
172716820 35.3068260 -80.7261050
172716821 35.3068760 -80.7260420
172225303 35.3015120 -80.7332610
172225306 35.3016120 -80.7331530
172225308 35.3017230 -80.7330630
172225312 35.3017920 -80.7330180
3799202593 35.3110082 -80.7309074
3799202594 35.3109794 -80.7311214
172225315 35.3019080 -80.7329550
3799202596 35.3105079 -80.7316410
3799202597 35.3102756 -80.7316202
172897062 35.3026092 -80.7318380
172225319 35.3020290 -80.7329050
172225320 35.3022050 -80.7328180
172225321 35.3022530 -80.7327870
172897066 35.3026965 -80.7317355
172225323 35.3023845 -80.7326282
172897068 35.3027643 -80.7315798
172897070 35.3028207 -80.7313444
172897072 35.3028755 -80.7300278
172897073 35.3029405 -80.7296208
172897074 35.3031729 -80.7294813
172897076 35.3034453 -80.7294509
172897078 35.3035540 -80.7293940
172668838 35.3117343 -80.7320221
172897080 35.3036040 -80.7293280
1804657465 35.3050935 -80.7282275
172897088 35.3036390 -80.7292510
172897093 35.3036520 -80.7292080
172897099 35.3036630 -80.7291200
172897100 35.3036610 -80.7286360
172897101 35.3036730 -80.7285410
172897102 35.3037020 -80.7284520
172897104 35.3037220 -80.7284110
172897106 35.3037460 -80.7283730
172897108 35.3037770 -80.7283340
4837362517 35.3099674 -80.7442450
2129718103 35.3080803 -80.7303463
1868077983 35.3042334 -80.7282426
2129718107 35.3080853 -80.7300217
2129718108 35.3080864 -80.7298039
172228410 35.3080850 -80.7300700
2129718110 35.3081199 -80.7305128
172897119 35.3039550 -80.7282440
172897122 35.3049356 -80.7282390
1833752479 35.3118351 -80.7311810
172897125 35.3049950 -80.7282390
172897127 35.3051230 -80.7282240
1825881135 35.3062959 -80.7367062
172668733 35.3022360 -80.7383860
172897137 35.3060190 -80.7281490
653847410 35.3012459 -80.7311173
172897140 35.3060870 -80.7281590
172897141 35.3061500 -80.7281900
172897142 35.3062050 -80.7282400
482710391 35.3011941 -80.7366513
172897144 35.3062640 -80.7283240
172897147 35.3067400 -80.7293010
172897150 35.3067810 -80.7293580
482710400 35.3022113 -80.7344369
482710401 35.3028347 -80.7344197
482710402 35.3032130 -80.7340249
482710403 35.3032830 -80.7337674
172897156 35.3068310 -80.7293970
172897159 35.3068920 -80.7294090
1833752412 35.3028487 -80.7382097
172897162 35.3069380 -80.7294090
172897163 35.3074780 -80.7293330
482710412 35.3012867 -80.7346944
172897165 35.3076970 -80.7293170
172897167 35.3095010 -80.7293220
172897168 35.3102680 -80.7293160
172897169 35.3106210 -80.7293060
482710418 35.3014828 -80.7350377
172897171 35.3110340 -80.7292200
482710420 35.3016649 -80.7350634
172897173 35.3114760 -80.7290030
172897176 35.3118960 -80.7287390
172897178 35.3120890 -80.7286390
172897180 35.3122000 -80.7285940
172897182 35.3122690 -80.7285660
2129718175 35.3097605 -80.7305384
172897184 35.3125150 -80.7284890
172897186 35.3127820 -80.7284140
172897189 35.3129310 -80.7283810
1805364136 35.3030633 -80.7295182
3729890217 35.3017807 -80.7339254
1805364138 35.3033223 -80.7294661
3729890221 35.3011913 -80.7356643
1805364143 35.3036627 -80.7290493
4076783594 35.3094920 -80.7447366
3629358002 35.3106683 -80.7274420
2401932215 35.3101628 -80.7315283
3729890232 35.3062041 -80.7269499
653810618 35.3114830 -80.7409142
3627440033 35.3117771 -80.7420509
653810622 35.3110484 -80.7413538
653810625 35.3109950 -80.7414077
1803349835 35.3021611 -80.7409863
653810629 35.3093511 -80.7413019
5423858634 35.3012925 -80.7367132
653810659 35.3093836 -80.7413384
4614310452 35.3068218 -80.7389827
482708457 35.3125602 -80.7430697
1825881066 35.3043888 -80.7370843
4493122549 35.3079661 -80.7371015
4493122550 35.3079914 -80.7374282
4493122551 35.3079838 -80.7376196
1825881080 35.3050021 -80.7370539
4493122553 35.3078201 -80.7380684
1863560186 35.3080974 -80.7328297
4493122555 35.3074824 -80.7384933
1863556092 35.3080919 -80.7321260
1863556093 35.3080923 -80.7321648
1863556094 35.3080964 -80.7326960
1863556095 35.3080966 -80.7327282
1804645376 35.3057657 -80.7281295
1805394945 35.3033538 -80.7294622
653810692 35.3108229 -80.7414055
172897111 35.3038050 -80.7283070
1807875086 35.3080869 -80.7310110
653810703 35.3113141 -80.7409146
482708499 35.3102041 -80.7361125
482708500 35.3120836 -80.7420245
653810709 35.3117000 -80.7406714
482708503 35.3121541 -80.7425525
482708505 35.3118017 -80.7423242
482708506 35.3128789 -80.7411574
482708508 35.3117552 -80.7421193
482708509 35.3117682 -80.7422633
482708511 35.3110018 -80.7431573
1825881122 35.3059773 -80.7370352
172668763 35.3042180 -80.7371170
482708521 35.3079383 -80.7365466
482708522 35.3074963 -80.7399373
482708523 35.3076199 -80.7401187
482708524 35.3078264 -80.7403432
482708525 35.3081326 -80.7405100
482708526 35.3084593 -80.7405394
482708527 35.3086764 -80.7405315
482708528 35.3123886 -80.7404536
482708529 35.3122765 -80.7403506
482708530 35.3121084 -80.7402476
482708531 35.3119877 -80.7402833
482708532 35.3118353 -80.7405137
482708533 35.3115481 -80.7408484
482708534 35.3108267 -80.7415780
482708535 35.3106656 -80.7416981
482708536 35.3104345 -80.7418011
482708538 35.3101963 -80.7418526
1833752415 35.3031575 -80.7381101
482708540 35.3099792 -80.7418183
5728115773 35.3063467 -80.7267582
482708542 35.3098041 -80.7417582
482708544 35.3096150 -80.7416295
482708546 35.3094049 -80.7413806
482708547 35.3091877 -80.7410630
482708549 35.3090897 -80.7408055
1833752417 35.3034422 -80.7379154
482708552 35.3090547 -80.7401532
482708555 35.3091877 -80.7397927
482708557 35.3094781 -80.7393920
482708559 35.3096070 -80.7393038
482708561 35.3097088 -80.7392685
482708566 35.3089216 -80.7406682
172668772 35.3060120 -80.7370320
172627038 35.3008330 -80.7381160
1833752421 35.3039792 -80.7373754
4565612430 35.3013236 -80.7367013
1833752423 35.3042182 -80.7371934
1833752424 35.3042852 -80.7371714
482710390 35.3012262 -80.7368760
3702167401 35.3042836 -80.7370005
1833752426 35.3045752 -80.7371414
172668841 35.3117352 -80.7317911
4614310422 35.3029223 -80.7320621
5742054536 35.3109011 -80.7285401
4493122557 35.3073146 -80.7390633
172668781 35.3065628 -80.7367152
5742054544 35.3108941 -80.7281745
5742054552 35.3108442 -80.7278998
5742054559 35.3107533 -80.7276392
1833752432 35.3061567 -80.7370562
4493122558 35.3073383 -80.7394675
172668787 35.3068599 -80.7364912
1833752436 35.3065926 -80.7367485
172897170 35.3109550 -80.7292470
482710389 35.3013257 -80.7370987
1833752438 35.3068245 -80.7365841
1808960710 35.3080950 -80.7325125
1808960711 35.3080954 -80.7325713
1808960712 35.3080995 -80.7330958
1833752439 35.3068558 -80.7365685
1833752440 35.3069431 -80.7365326
172668794 35.3083910 -80.7364820
172668784 35.3068098 -80.7365248
2129814754 35.3080970 -80.7327769
1871768809 35.3115450 -80.7323953
729722090 35.3120359 -80.7400580
4854194046 35.3068920 -80.7390261
3702011126 35.3112677 -80.7299614
3702011127 35.3113491 -80.7299224
3702011128 35.3114627 -80.7298477
3702011129 35.3115901 -80.7297561
3702011130 35.3117010 -80.7296678
3702011131 35.3118561 -80.7295354
3702011132 35.3120112 -80.7294200
4854194048 35.3071124 -80.7391301
5727976707 35.3040751 -80.7321575
3702011140 35.3118027 -80.7295810
3702011142 35.3122867 -80.7319834
172897153 35.3068050 -80.7293820
172668802 35.3095470 -80.7364290
172773933 35.3038128 -80.7322947
1805458707 35.3028842 -80.7301570
4614310446 35.3028094 -80.7317651
172668804 35.3098460 -80.7363070
1873575195 35.3079400 -80.7363778
172773936 35.3040338 -80.7323000
1873575203 35.3080372 -80.7364575
172668883 35.3108610 -80.7279590
172668806 35.3100410 -80.7362100
1873575206 35.3080352 -80.7365534
4614310449 35.3066911 -80.7387792
1871772968 35.3109726 -80.7304315
482710407 35.3032690 -80.7333382
4614310450 35.3067218 -80.7388499
4614310451 35.3067622 -80.7389253
1806800183 35.3073965 -80.7293445
1805458745 35.3032645 -80.7294720
729711933 35.3127593 -80.7409857
4614310454 35.3067504 -80.7389032
4384937286 35.3101345 -80.7440374
172668812 35.3106740 -80.7358895
4565612429 35.3012044 -80.7367471
1825447251 35.3061867 -80.7364765
1825447252 35.3062398 -80.7363373
1825447253 35.3062889 -80.7362086
1825447254 35.3063280 -80.7361062
1825447255 35.3063467 -80.7367968
1825447256 35.3063784 -80.7368602
1833752463 35.3109712 -80.7293769
172228449 35.3079560 -80.7351090
4565612432 35.3022057 -80.7365644
1833752465 35.3111735 -80.7298418
4045926710 35.3129063 -80.7319886
1833752466 35.3111689 -80.7360075
1833752467 35.3112925 -80.7299929
172897172 35.3113010 -80.7290970
3709716355 35.3101087 -80.7272348
1873548677 35.3088204 -80.7363743
172668823 35.3117792 -80.7355801
172668761 35.3041141 -80.7371538
1833752474 35.3117631 -80.7307020
1873548706 35.3096764 -80.7359241
1873548707 35.3097246 -80.7362637
172668828 35.3118972 -80.7347051
172668829 35.3118320 -80.7340690
3627440031 35.3120225 -80.7423690
3627440032 35.3121010 -80.7422720
2129814755 35.3080977 -80.7328701
3627440034 35.3117522 -80.7421926
3627440035 35.3121142 -80.7420923
2129659973 35.3085592 -80.7309380
172668837 35.3117622 -80.7321801
1833752486 35.3119099 -80.7340479
1833752487 35.3119661 -80.7353320
1833752488 35.3119751 -80.7346840
1833752489 35.3120121 -80.7350140
5425493496 35.3030786 -80.7384990
5425493503 35.3026311 -80.7382878
172668843 35.3117562 -80.7314821
172897113 35.3038690 -80.7282670
4493122552 35.3079302 -80.7378527
172668846 35.3117592 -80.7312431
5727976708 35.3038517 -80.7322956
5189367046 35.3126475 -80.7431765
172668849 35.3117572 -80.7312021
5189367047 35.3127176 -80.7431021
4614310433 35.3024522 -80.7323185
172668852 35.3117462 -80.7310031
172668854 35.3116673 -80.7307304
172668796 35.3090560 -80.7364680
172668856 35.3115758 -80.7305003
482710415 35.3013357 -80.7347201
3627440058 35.3027243 -80.7318611
172897116 35.3039030 -80.7282540
172668860 35.3113943 -80.7302465
1806268012 35.3080856 -80.7299534
172228458 35.3079370 -80.7362570
1806268014 35.3080873 -80.7296378
1806268017 35.3080887 -80.7293618
172668863 35.3112041 -80.7300396
1806268028 35.3086484 -80.7293142
172668866 35.3110762 -80.7298721
172668867 35.3109581 -80.7296000
1806268053 35.3108915 -80.7291891
172668868 35.3108950 -80.7292570
1871772955 35.3107678 -80.7314241
172668871 35.3108900 -80.7291590
5727993801 35.3014532 -80.7335364
172668875 35.3108960 -80.7288290
2902023892 35.3123410 -80.7285435
172668878 35.3109050 -80.7283130
3627440080 35.3024957 -80.7318735
5727984934 35.3015136 -80.7314381
172668881 35.3108910 -80.7281350
5727984935 35.3015858 -80.7312875
172668736 35.3024440 -80.7383480
3702888175 35.3070296 -80.7260050
3702888176 35.3071186 -80.7260811
3702888177 35.3072283 -80.7261370
3702888178 35.3073443 -80.7261700
3702888179 35.3074313 -80.7261750
3702888180 35.3075762 -80.7262106
3702888181 35.3078102 -80.7262791
3702888182 35.3079635 -80.7263273
3702888183 35.3081788 -80.7264186
3702888184 35.3085888 -80.7265912
172668884 35.3108130 -80.7277900
3702888186 35.3098106 -80.7271164
3702888187 35.3100135 -80.7272078
3702888188 35.3101833 -80.7272560
3702888189 35.3103179 -80.7272509
3702888190 35.3104132 -80.7271926
3702888191 35.3105329 -80.7271307
3702888192 35.3077336 -80.7262566
172668886 35.3107870 -80.7277170
172668888 35.3104970 -80.7270480
172668803 35.3096950 -80.7363820
172668890 35.3104540 -80.7269480
482710417 35.3013847 -80.7348059
172668710 35.3009760 -80.7381760
172668713 35.3010630 -80.7382200
172668716 35.3012410 -80.7382920
172668719 35.3013310 -80.7383210
172668721 35.3015440 -80.7383690
172668724 35.3017050 -80.7383910
172668727 35.3019230 -80.7384070
172228408 35.3080890 -80.7293090
172668730 35.3021310 -80.7383970
172228413 35.3080830 -80.7301888
172228416 35.3080800 -80.7303300
172228419 35.3080830 -80.7304760
172228421 35.3080860 -80.7306400
172668742 35.3030367 -80.7380378
172228423 35.3080886 -80.7317099
172668745 35.3031125 -80.7380012
172228426 35.3080940 -80.7323820
3527288651 35.3102837 -80.7360564
172668748 35.3032887 -80.7378937
172228430 35.3081010 -80.7332970
172668751 35.3034132 -80.7378080
172668754 35.3035462 -80.7376800
4363571171 35.3023815 -80.7374029
172228436 35.3080840 -80.7338540
172668757 35.3037315 -80.7375071
172228438 35.3080700 -80.7341180
172668760 35.3039583 -80.7372652
172228441 35.3080440 -80.7343000
1833752410 35.3025495 -80.7383169
1833752411 35.3026957 -80.7382647
172228444 35.3079810 -80.7345110
1833752413 35.3029581 -80.7381816
1833752414 35.3030542 -80.7381462
172668767 35.3050380 -80.7370530
1833752416 35.3033292 -80.7380124
172668769 35.3058370 -80.7370490
1833752418 35.3035752 -80.7377874
1833752419 35.3037582 -80.7376004
1833752420 35.3038453 -80.7373750
172228453 35.3079430 -80.7358600
1833752422 35.3041212 -80.7372514
172668775 35.3061590 -80.7369940
3702167400 35.3042814 -80.7368735
1833752425 35.3043890 -80.7371607
172668778 35.3063180 -80.7369010
1833752427 35.3050023 -80.7371303
1833752428 35.3050382 -80.7371294
1833752429 35.3058372 -80.7371254
1833752430 35.3059775 -80.7371116
1833752431 35.3060122 -80.7371084
172228464 35.3079402 -80.7364542
1833752433 35.3063107 -80.7369632
1833752434 35.3063794 -80.7369092
1833752435 35.3065551 -80.7367729
172668788 35.3069480 -80.7364606
172668790 35.3072843 -80.7364499
172668791 35.3075872 -80.7364515
172668792 35.3076569 -80.7364518
1833752441 35.3071056 -80.7365262
1833752442 35.3073018 -80.7365192
1833752443 35.3075737 -80.7365408
1833752444 35.3076402 -80.7365441
1833752445 35.3078709 -80.7365453
172668798 35.3094080 -80.7364560
4854194047 35.3069794 -80.7390741
1833752448 35.3080937 -80.7365542
1833752449 35.3083912 -80.7365584
1833752450 35.3088191 -80.7365494
1833752451 35.3090562 -80.7365444
1833752452 35.3094082 -80.7365324
1833752453 35.3095472 -80.7365054
1833752454 35.3096952 -80.7364584
1833752455 35.3097426 -80.7364349
1833752456 35.3098462 -80.7363834
1833752457 35.3100412 -80.7362864
1833752458 35.3102043 -80.7361889
1833752459 35.3102251 -80.7361764
1833752460 35.3103723 -80.7360717
1833752461 35.3106742 -80.7359814
1833752462 35.3109066 -80.7293943
172668815 35.3111687 -80.7359311
1833752464 35.3110345 -80.7295770
172668817 35.3112882 -80.7359301
172668818 35.3114710 -80.7358601
172668819 35.3116227 -80.7357621
1833752468 35.3112884 -80.7360065
1833752469 35.3114842 -80.7359405
1833752470 35.3113856 -80.7301009
1833752471 35.3115241 -80.7302680
1833752472 35.3116761 -80.7304700
1833752473 35.3116876 -80.7358207
172668826 35.3118882 -80.7353531
1833752475 35.3118248 -80.7320183
1833752476 35.3118131 -80.7317700
1833752477 35.3118241 -80.7309820
1833752478 35.3118341 -80.7314610
172668831 35.3118222 -80.7330981
1833752480 35.3118371 -80.7312220
1833752481 35.3118401 -80.7321590
1833752482 35.3118799 -80.7355829
1833752483 35.3118681 -80.7323564
1833752484 35.3118991 -80.7325990
3627440037 35.3121135 -80.7422450
3627440038 35.3120823 -80.7423124
3627440039 35.3118154 -80.7419946
3627440040 35.3118664 -80.7419560
3627440041 35.3119247 -80.7419391
3627440042 35.3119843 -80.7419458
3627440043 35.3120392 -80.7419752
3627440044 35.3120345 -80.7423632
3627440045 35.3119757 -80.7423916
3627440046 35.3119125 -80.7423942
3627440047 35.3118522 -80.7423708
3627440048 35.3024762 -80.7319692
3627440049 35.3025074 -80.7319077
3627440050 35.3025535 -80.7318623
3627440051 35.3026683 -80.7318376
3627440052 35.3028103 -80.7321094
3627440053 35.3027861 -80.7321732
3627440054 35.3027466 -80.7322243
3627440055 35.3026958 -80.7322571
3627440056 35.3026391 -80.7322682
3627440057 35.3025825 -80.7322566
172668858 35.3114298 -80.7302983
3627440059 35.3027708 -80.7319058
3627440060 35.3028026 -80.7319668
3627440061 35.3028163 -80.7320373
3627440062 35.3025319 -80.7322233
3627440063 35.3024927 -80.7321719
3627440064 35.3024690 -80.7321078
3627440065 35.3024633 -80.7320377
3627440066 35.3024302 -80.7324557
3627440067 35.3024645 -80.7322712
3627440068 35.3026012 -80.7323344
3627440069 35.3025169 -80.7324672
3627440070 35.3024304 -80.7326121
3627440071 35.3015093 -80.7312329
3627440073 35.3018559 -80.7314382
3627440074 35.3019787 -80.7314700
3627440075 35.3020942 -80.7315444
3627440076 35.3021635 -80.7316222
3627440077 35.3022300 -80.7317284
3627440078 35.3022849 -80.7318169
3627440079 35.3023961 -80.7318753
172668809 35.3103663 -80.7359981
3627440081 35.3024105 -80.7320257
3627440082 35.3023535 -80.7319693
3627440083 35.3022747 -80.7319231
3627440084 35.3021635 -80.7319036
3627440085 35.3020538 -80.7318947
3627440086 35.3019541 -80.7318593
3627440087 35.3018646 -80.7318027
3627440088 35.3017837 -80.7317337
3627440089 35.3017231 -80.7316417
3627440090 35.3016883 -80.7315806
3627440091 35.3015526 -80.7314665
3627440092 35.3014602 -80.7313993
4493122554 35.3076497 -80.7382613
4363571168 35.3015380 -80.7372854
4363571169 35.3017631 -80.7373790
4363571170 35.3020127 -80.7373920
482711547 35.3109590 -80.7305977
4363571172 35.3025599 -80.7374810
4363571173 35.3026628 -80.7375534
4363571174 35.3027460 -80.7376875
1775112168 35.3066701 -80.7383781
4493122556 35.3073529 -80.7387919
729716714 35.3103273 -80.7418243
5727996234 35.3028148 -80.7382219
172897129 35.3052126 -80.7281932
1805711345 35.3042607 -80.7336805
1805711347 35.3043418 -80.7328019
1805711348 35.3043527 -80.7323371
653813749 35.3042718 -80.7364139
4614310448 35.3066776 -80.7386662
482711546 35.3110201 -80.7303442
3627440036 35.3121246 -80.7421687
482711548 35.3109948 -80.7307891
482711549 35.3110018 -80.7310294
482711550 35.3109200 -80.7312004
482711551 35.3107216 -80.7314843
