482711552 1203.086492253308052 1081.151039274332106 35.3106026 -80.7316130 50
482711553 1199.961592273554970 1059.467423785336905 35.3104065 -80.7316474 50
482711554 1209.318124190064964 1033.902651215408014 35.3101753 -80.7315444 50
482711555 1226.468738032051988 1017.637175242001945 35.3100282 -80.7313556 50
482711556 1252.984967803078916 1001.382756696644037 35.3098812 -80.7310637 50
482711557 1270.135581646220999 995.953559753710692 35.3098321 -80.7308749 50
172668739 601.543246125498399 198.160159699863499 35.3026171 -80.7382350 50
482711560 1169.557405550008980 1269.337399295586920 35.3123045 -80.7319821 50
482711561 1165.269752090089924 1201.544310789478914 35.3116914 -80.7320293 50
482711562 1161.527139321867935 1188.651350228607043 35.3115748 -80.7320705 50
482711563 1150.063116721473989 1183.376957271311085 35.3115271 -80.7321967 50
482711564 1136.809543843381107 1184.924997133309944 35.3115411 -80.7323426 50
482711565 1111.083623078088976 1187.247056925604966 35.3115621 -80.7326258 50
482711566 1083.014027328559905 1186.473036994605081 35.3115551 -80.7329348 50
5423858449 1147.401501332205953 251.125237818305294 35.3030961 -80.7322260 50
4854194050 517.407130970217281 716.543422179634717 35.3073052 -80.7391612 50
172526256 705.100978018321030 382.586994342381217 35.3042850 -80.7370950 50
1868062758 143.727231051652097 1112.487789042611894 35.3108860 -80.7432748 50
2129659958 1302.965199458684083 802.625495906811011 35.3080837 -80.7305135 50
2129659959 1277.620807179197982 802.924046452147422 35.3080864 -80.7307925 50
2129659960 1277.629891191727893 807.546051181344183 35.3081282 -80.7307924 50
653822012 734.542259514245188 381.978835825770375 35.3042795 -80.7367709 50
2129659965 1278.102259793587109 833.343029729728869 35.3083615 -80.7307872 50
2129659966 1303.437568060543072 833.475718861380415 35.3083627 -80.7305083 50
3627440193 1221.200011322918044 103.641268727326903 35.3017623 -80.7314136 50
3627440194 1149.363647831791923 243.506670214025888 35.3030272 -80.7322044 50
3627440195 1149.681588236823018 230.248814543046905 35.3029073 -80.7322009 50
2129659972 1266.520145041861042 855.181449205064155 35.3085590 -80.7309147 50
3627440197 1164.951811685059056 225.936417785828098 35.3028683 -80.7320328 50
2129659974 1278.029587700282036 855.645861163382392 35.3085632 -80.7307880 50
2129659975 1223.398342122856093 858.233299217573176 35.3085866 -80.7313894 50
2129659976 1189.732995245477014 860.942368975367344 35.3086111 -80.7317600 50
2129659977 1164.897307614502097 862.943763367636166 35.3086292 -80.7320334 50
3627440202 1152.897328332629058 390.106045098449499 35.3043530 -80.7321655 50
2129659979 1144.294769375201895 866.471082766511245 35.3086611 -80.7322602 50
3627440204 1278.765392637770901 228.656544971670201 35.3028929 -80.7307799 50
3627440205 1312.848604046454057 228.170018157959504 35.3028885 -80.7304047 50
3627440206 1368.951459498857957 227.373883372271109 35.3028813 -80.7297871 50
3627440207 1383.576718125658090 240.786543028887195 35.3030026 -80.7296261 50
3627440208 1370.395817338559027 237.911611858111314 35.3029766 -80.7297712 50
3627440209 1335.885657386043931 238.210162402041107 35.3029793 -80.7301511 50
2129659986 1142.160026657194067 950.684451231663388 35.3094227 -80.7322837 50
2129659987 1264.757846798285073 960.127494387885463 35.3095081 -80.7309341 50
2129659988 1266.692741261437959 960.636136056285181 35.3095127 -80.7309128 50
3627440213 1229.411957780853982 232.803080314500590 35.3029304 -80.7313232 50
3627440214 1209.481636398267028 224.974421586454611 35.3028596 -80.7315426 50
2129659991 1303.201383759035934 982.983197200020300 35.3097148 -80.7305109 50
2129659992 1277.638975201946096 983.757217130316235 35.3097218 -80.7307923 50
3627440217 1174.789796213646014 216.227996369116596 35.3027805 -80.7319245 50
2129659994 1298.468613731379946 992.558929485783665 35.3098014 -80.7305630 50
2129659995 1277.866075492079972 994.438692174449102 35.3098184 -80.7307898 50
2129659996 1284.497403938546995 994.914161560815273 35.3098227 -80.7307168 50
1871784029 1285.078780678051999 802.901931596051782 35.3080862 -80.7307104 50
3627440222 1517.829325109468982 498.413548265757413 35.3053325 -80.7281482 50
3627440223 1522.625683217898995 497.186173804487794 35.3053214 -80.7280954 50
3627440224 1527.558301500409925 497.573183769987395 35.3053249 -80.7280411 50
3627440225 1532.091223273210971 499.541405878816022 35.3053427 -80.7279912 50
3627440226 1535.733911912848953 502.869691581972290 35.3053728 -80.7279511 50
3627440227 1538.086670909616032 507.204203193880289 35.3054120 -80.7279252 50
3627440228 1527.485629409416106 526.466242041666078 35.3055862 -80.7280419 50
3627440229 1522.589347172402995 526.831137152476686 35.3055895 -80.7280958 50
3627440230 1517.829325109468982 525.614820118551506 35.3055785 -80.7281482 50
3627440231 1513.732435891874957 522.927865216149826 35.3055542 -80.7281933 50
3627440232 1510.725628063453996 519.068822989904561 35.3055193 -80.7282264 50
3627440233 1509.135926038298976 514.446818260708028 35.3054775 -80.7282439 50
3627440234 1538.895147939254002 512.047356474891558 35.3054558 -80.7279163 50
3627440235 1538.068502886867009 516.901567183950647 35.3054997 -80.7279254 50
3627440236 1535.688491855978100 521.213963940466101 35.3055387 -80.7279516 50
3627440237 1532.027635192436037 524.520134787526672 35.3055686 -80.7279919 50
3627440238 1509.135926038298976 509.570492696256508 35.3054334 -80.7282439 50
3627440239 1510.725628063453996 504.959545395107682 35.3053917 -80.7282264 50
3627440240 1513.732435891874957 501.100503168159094 35.3053568 -80.7281933 50
3627440241 1520.009487886658007 492.984351323527903 35.3052834 -80.7281242 50
3627440242 1543.800514186486907 529.075794951249236 35.3056098 -80.7278623 50
3627440243 1535.443223543097020 525.393671566736998 35.3055765 -80.7279543 50
3627440244 1523.870192803899954 533.377134280420250 35.3056487 -80.7280817 50
3627440245 1517.438712613444068 532.105530109069036 35.3056372 -80.7281525 50
3627440246 1512.778614677938094 494.897286294930325 35.3053007 -80.7282038 50
3627440247 1545.408384234390041 522.209132422576658 35.3055477 -80.7278446 50
1062485321 943.156585205524607 40.005772992096126 35.3011868 -80.7344744 50
4565612431 743.580851025723746 143.846075415845007 35.3021259 -80.7366714 50
2052651168 1156.530932959738038 1184.836537711739993 35.3115403 -80.7321255 50
2052651169 1163.825394249234023 1193.483446082273986 35.3116185 -80.7320452 50
1871784100 1341.081712004184965 1144.487984465632962 35.3111754 -80.7300939 50
1871784112 1066.853570746007108 1186.030739891679104 35.3115511 -80.7331127 50
482710419 889.161220438160171 85.650834051595666 35.3015996 -80.7350688 50
4565612433 775.556571750521016 153.642956253422994 35.3022145 -80.7363194 50
4565612434 738.484720535010524 163.749445064385299 35.3023059 -80.7367275 50
4565612435 731.090335118087296 176.365969935313188 35.3024200 -80.7368089 50
5189402883 149.577334502603009 1310.338340770497098 35.3126753 -80.7432104 50
5189402884 156.381259167491010 1318.045367794939921 35.3127450 -80.7431355 50
1807636748 1349.420834624826966 802.813472175888592 35.3080854 -80.7300021 50
1833752485 1070.096562877090946 1224.621162153428031 35.3119001 -80.7330770 50
4565612436 724.667938939005353 184.028767248970695 35.3024893 -80.7368796 50
729711324 326.225023481614812 1140.065013431451007 35.3111354 -80.7412658 50
3729890204 1107.477270485102963 169.023838020274411 35.3023536 -80.7326655 50
1816672560 742.372677487530837 638.433753739500389 35.3065988 -80.7366847 50
729710897 368.274913035351176 1305.539417199568106 35.3126319 -80.7408029 50
729710899 372.771498762655085 1310.515259611526972 35.3126769 -80.7407534 50
1816672566 763.556592467492351 695.092012670502527 35.3071112 -80.7364515 50
172130628 9.810732494465128 171.721850350723997 35.3023780 -80.7447490 50
5727996232 608.610607127172102 217.554887679300606 35.3027925 -80.7381572 50
5727996233 619.865697462493017 245.574409171768906 35.3030459 -80.7380333 50
1816672586 763.665600605138366 779.150577150720778 35.3078714 -80.7364503 50
5727996235 610.618173684785120 249.997380204543390 35.3030859 -80.7381351 50
1816672591 748.022932683626777 786.968178450718824 35.3079421 -80.7366225 50
1863518545 759.169014878990311 381.094241619215495 35.3042715 -80.7364998 50
1863518546 753.972960260849504 381.193758467426505 35.3042724 -80.7365570 50
1833732444 696.571091153042744 645.023980578932310 35.3066584 -80.7371889 50
1833732445 660.825505629368081 645.477335109202613 35.3066625 -80.7375824 50
5728123238 1708.193871558213914 692.217081499726646 35.3070852 -80.7260526 50
5727987972 622.345632620809624 227.893582468015410 35.3028860 -80.7380060 50
4614310447 570.930127136878014 646.516733301394652 35.3066719 -80.7385720 50
172415347 0.000000000000000 170.837256144169089 35.3023700 -80.7448570 50
172415351 19.348944643081040 172.495870281723313 35.3023850 -80.7446440 50
172415354 28.977996905439110 172.606444557278905 35.3023860 -80.7445380 50
3709716371 1499.506873774784935 1114.522355716914944 35.3109044 -80.7283499 50
172415357 49.326182821640032 171.279553247798304 35.3023740 -80.7443140 50
172415360 73.943854173855016 167.741176421578587 35.3023420 -80.7440430 50
172415362 263.436335513342215 131.362239675865311 35.3020130 -80.7419570 50
172415364 279.242515643056322 129.814199814570088 35.3019990 -80.7417830 50
172415366 296.502137626156582 130.256496917495809 35.3020030 -80.7415930 50
172415368 310.400675326840883 132.357408157975811 35.3020220 -80.7414400 50
172415369 322.028210135437803 135.342913605010693 35.3020490 -80.7413120 50
172415371 327.932817654633880 137.112102018120510 35.3020650 -80.7412470 50
172415374 359.000137223520824 151.044460771887799 35.3021910 -80.7409050 50
172415376 370.264311569060226 158.895234355326210 35.3022620 -80.7407810 50
172415380 398.624595688341515 184.526351490729297 35.3024938 -80.7404688 50
172668836 1133.639223804445919 1212.236843261659033 35.3117881 -80.7323775 50
172415382 445.661607595145085 227.561859640645309 35.3028830 -80.7399510 50
172415384 453.564697661735693 233.311721982900394 35.3029350 -80.7398640 50
3627440196 1147.755777783889016 216.670293472745698 35.3027845 -80.7322221 50
172415386 458.470063907812516 236.960673085379000 35.3029680 -80.7398100 50
172415391 472.459441725705801 244.700872393261903 35.3030380 -80.7396560 50
172415393 479.726650979923193 247.907526392111293 35.3030670 -80.7395760 50
172415396 488.174781739366722 251.003606114701796 35.3030950 -80.7394830 50
3627440198 1160.291713749551946 237.270281057356698 35.3029708 -80.7320841 50
172415398 505.343563606413625 255.537151423735310 35.3031360 -80.7392940 50
172415402 521.967304778296239 258.080359767844527 35.3031590 -80.7391110 50
3627440199 1157.557426266979974 251.965602314778693 35.3031037 -80.7321142 50
172415405 528.762145431810040 258.710633139847687 35.3031647 -80.7390362 50
172415408 545.040694164539218 257.859211215326525 35.3031570 -80.7388570 50
3627440200 1155.468103605842998 276.081851870920218 35.3033218 -80.7321372 50
172415411 560.210993484191476 255.205428596365095 35.3031330 -80.7386900 50
172415414 571.020967254087054 252.219923148626890 35.3031060 -80.7385710 50
3627440201 1154.505198378220939 322.224497172177792 35.3037391 -80.7321478 50
172415416 614.006509999012223 232.349725784230287 35.3029263 -80.7380978 50
3709683445 1411.382877539557057 986.985985983854789 35.3097510 -80.7293200 50
3627440203 1256.900176790876912 226.577748585175897 35.3028741 -80.7310206 50
2129828302 1584.569558109880973 557.460211555231467 35.3058665 -80.7274135 50
2129659981 1133.512047642896050 871.944509418822463 35.3087106 -80.7323789 50
482708458 169.171547457410014 1305.296153793063922 35.3126297 -80.7429947 50
3702888185 1628.381745910659902 948.008553757309642 35.3093985 -80.7269312 50
729715165 280.623285401981775 1070.834459340306012 35.3105093 -80.7417678 50
653847012 1236.324890584543027 66.245048644110057 35.3014241 -80.7312471 50
172668827 892.222532335982123 1228.391744959510106 35.3119342 -80.7350351 50
3627440210 1302.874359342630896 239.514938856832600 35.3029911 -80.7305145 50
3627440211 1274.904687721684923 240.145212229539311 35.3029968 -80.7308224 50
3627440212 1249.669303581001031 236.319342286031087 35.3029622 -80.7311002 50
2129659989 1277.711647296406909 961.465443125414026 35.3095202 -80.7307915 50
2147643912 137.068650569906993 1322.777946800395966 35.3127878 -80.7433481 50
3627440215 1198.226546062946909 220.186555443572786 35.3028163 -80.7316665 50
2147643917 143.636390934442886 1330.750352086733983 35.3128599 -80.7432758 50
3627440216 1184.564192663769973 218.107759057782005 35.3027975 -80.7318169 50
172228446 926.205819617236784 790.163775022223831 35.3079710 -80.7346610 50
4614310424 1149.254639691835109 228.468568701889211 35.3028912 -80.7322056 50
784540185 1411.446465620331992 756.405448614141619 35.3076657 -80.7293193 50
729711131 372.871422890082613 1194.821394819098941 35.3116306 -80.7407523 50
4614310431 1132.649066543855952 192.609331054030292 35.3025669 -80.7323884 50
4854194049 519.114925145547772 704.723032094395421 35.3071983 -80.7391424 50
172773921 1145.984395527784045 256.598664471319807 35.3031456 -80.7322416 50
172773924 1142.614227236304941 272.244924500067384 35.3032871 -80.7322787 50
172716806 1554.728580104246930 534.184326494859874 35.3056560 -80.7277420 50
4614310438 1179.713330484783000 172.462697998282891 35.3023847 -80.7318703 50
172773927 1141.805750205511004 292.524246686059485 35.3034705 -80.7322876 50
172773930 1141.487809801636104 310.094499113553979 35.3036294 -80.7322911 50
4614310444 1194.738285621292107 208.410395068414999 35.3027098 -80.7317049 50
3702845997 169.107959375479112 1120.438079473557991 35.3109579 -80.7429954 50
3702845998 200.347875163943087 1091.920973739330975 35.3107000 -80.7426515 50
3702845999 205.680189953852107 1082.588504860071907 35.3106156 -80.7425928 50
3702846000 207.206303898231596 1073.001715146260040 35.3105289 -80.7425760 50
3702846001 206.188894602363689 1064.166830508055909 35.3104490 -80.7425872 50
3702846002 200.602227487042995 1055.088682463348050 35.3103669 -80.7426487 50
3702846003 180.026941281865106 1028.595085976078963 35.3101273 -80.7428752 50
3702846004 417.564759811493900 907.383564820554739 35.3090311 -80.7402603 50
3702846005 407.881203478579209 904.364887090782759 35.3090038 -80.7403669 50
3702846006 394.972823037328794 897.387650286554731 35.3089407 -80.7405090 50
3702846007 382.836583581375692 890.509930329834219 35.3088785 -80.7406426 50
3702846008 432.798647213076890 912.458924080724955 35.3090770 -80.7400926 50
3702846014 441.610138435578108 916.428540582525898 35.3091129 -80.7399956 50
172716814 1582.253135159766998 555.414587452177557 35.3058480 -80.7274390 50
172716817 1621.041864560826070 589.692612957410915 35.3061580 -80.7270120 50
3709716379 1461.281353090482980 1218.594864120525926 35.3118456 -80.7287707 50
1775438445 363.315042717562392 154.052081074315112 35.3022182 -80.7408575 50
172225300 1042.299487474567059 66.123416940507127 35.3014230 -80.7333830 50
1863678586 1031.035313127872087 1216.460780597308940 35.3118263 -80.7335070 50
1863678587 1007.416883047619990 1216.748273715300911 35.3118289 -80.7337670 50
1863678588 984.852198308733364 1217.035766831183082 35.3118315 -80.7340154 50
1863678589 1034.142045084875917 1225.063459256354008 35.3119041 -80.7334728 50
1863678590 1007.416883047619990 1225.395182083723967 35.3119071 -80.7337670 50
3709716380 1436.627345691614892 1169.687861925453944 35.3114033 -80.7290421 50
172526226 735.623256890887887 381.481251584011716 35.3042750 -80.7367590 50
172526230 740.982823717231213 381.260103033603912 35.3042730 -80.7367000 50
172526233 1029.672711392850033 379.822637447160901 35.3042600 -80.7335220 50
172526236 1039.846804350373077 380.375508826345595 35.3042650 -80.7334100 50
172526239 1078.272173289529974 387.452262479488184 35.3043290 -80.7329870 50
172526241 1088.718786594057065 388.668579513413306 35.3043400 -80.7328720 50
172526244 1109.430332973314989 389.332025168153677 35.3043460 -80.7326440 50
172668765 707.826181488363659 414.653534330875573 35.3045750 -80.7370650 50
172526247 1139.761847601245108 390.139217381889921 35.3043533 -80.7323101 50
729715371 309.428686087844085 1119.840978384291930 35.3109525 -80.7414507 50
729711280 343.384721334976120 1160.709230728253942 35.3113221 -80.7410769 50
1833757364 811.129561055774730 884.837469981100867 35.3088272 -80.7359278 50
1269676740 828.080326644062325 976.193936664869739 35.3096534 -80.7357412 50
1269676741 908.237644733081197 886.639830676244401 35.3088435 -80.7348588 50
1269676743 837.264262340995174 949.567651046652713 35.3094126 -80.7356401 50
1805368008 1446.610674405656027 313.721335360640182 35.3036622 -80.7289322 50
1269676745 761.603529978124470 883.919703491105679 35.3088189 -80.7364730 50
1269676746 922.862903358725134 893.904560597761247 35.3089092 -80.7346978 50
3799202595 1208.091782627968087 1087.564347272031000 35.3106606 -80.7315579 50
1269676758 788.610296374914469 982.242349551758025 35.3097081 -80.7361757 50
1269676763 923.099087660232499 887.845090282824913 35.3088544 -80.7346952 50
1269676764 772.004723226935766 986.035047211825827 35.3097424 -80.7363585 50
172668835 1111.601411736819045 1215.896851790075971 35.3118212 -80.7326201 50
1269676766 835.629140258969642 969.172470149856622 35.3095899 -80.7356581 50
1269676771 837.336934433144506 958.767430794964412 35.3094958 -80.7356393 50
5425496872 1452.433525821329113 313.699220505951075 35.3036620 -80.7288681 50
172225285 923.171759753537458 40.204806688518147 35.3011886 -80.7346944 50
172225286 975.532002440031988 39.696165019415048 35.3011840 -80.7341180 50
172225288 990.066420949622398 41.907650536154051 35.3012040 -80.7339580 50
172716809 1571.624841623133989 546.015774007443838 35.3057630 -80.7275560 50
172225290 1004.237478998467054 45.998898740855111 35.3012410 -80.7338020 50
172225292 1014.048211494087013 49.868998395148083 35.3012760 -80.7336940 50
172225294 1021.587941096464988 53.407375221368063 35.3013080 -80.7336110 50
172225297 1035.940679376260050 61.700445908436109 35.3013830 -80.7334530 50
172716819 1679.815419416184113 642.878839626964009 35.3066390 -80.7263650 50
172716820 1703.433849495279901 663.556229206503758 35.3068260 -80.7261050 50
172716821 1709.156776784680915 669.084942997647659 35.3068760 -80.7260420 50
172225303 1053.381981589154975 75.964527489573129 35.3015120 -80.7332610 50
172225306 1063.192714083620103 87.021955071157890 35.3016120 -80.7331530 50
172225308 1071.368324496058904 99.295699687370870 35.3017230 -80.7330630 50
172225312 1075.456129702278986 106.925324718994801 35.3017920 -80.7330180 50
3799202593 1267.183277886045971 1125.999965548143109 35.3110082 -80.7309074 50
3799202594 1247.743493128067030 1122.815426403981974 35.3109794 -80.7311214 50
172225315 1081.179056990524032 119.751940714392603 35.3019080 -80.7329550 50
3799202596 1200.542969013061111 1070.679655353965927 35.3105079 -80.7316410 50
3799202597 1202.432443420497975 1044.993251080433083 35.3102756 -80.7316202 50
172897062 1182.647466222209914 197.286622920653002 35.3026092 -80.7318380 50
172225319 1085.721062775854989 133.131428088975099 35.3020290 -80.7329050 50
172225320 1093.624152841289060 152.592500633886402 35.3022050 -80.7328180 50
172225321 1096.440196428540958 157.900065873215794 35.3022530 -80.7327870 50
172897066 1191.958578080693087 206.939757200641793 35.3026965 -80.7317355 50
172225323 1110.865606800485011 172.440583143593813 35.3023845 -80.7326282 50
172897068 1206.102384093102955 214.436693100614292 35.3027643 -80.7315798 50
172897070 1227.486147327919980 220.673082256580187 35.3028207 -80.7313444 50
172897072 1347.086243650808001 226.732552571516408 35.3028755 -80.7300278 50
172897073 1384.058170738891022 233.919880500214589 35.3029405 -80.7296208 50
172897074 1396.730366877478900 259.617342201091788 35.3031729 -80.7294813 50
172897076 1399.491906394174066 289.737774935446680 35.3034453 -80.7294509 50
172897078 1404.660708978191906 301.757198717108224 35.3035540 -80.7293940 50
172668838 1165.923800922900000 1206.287947221575905 35.3117343 -80.7320221 50
172897080 1410.656156614596966 307.285912508252181 35.3036040 -80.7293280 50
1804657465 1510.625703934870899 471.986296344665902 35.3050935 -80.7282275 50
172897088 1417.650845521809970 311.156012161841886 35.3036390 -80.7292510 50
172897093 1421.556970497078964 312.593477747581574 35.3036520 -80.7292080 50
172897099 1429.550900679723100 313.809794781506582 35.3036630 -80.7291200 50
172897100 1473.517516675018896 313.588646229692017 35.3036610 -80.7286360 50
172897101 1482.147327664258000 314.915537540579521 35.3036730 -80.7285410 50
172897102 1490.232097961798900 318.122191538725588 35.3037020 -80.7284520 50
172897104 1493.956542706117034 320.333677055464477 35.3037220 -80.7284110 50
172897106 1497.408467101118958 322.987459674425793 35.3037460 -80.7283730 50
172897108 1500.951231613330037 326.415262225089805 35.3037770 -80.7283340 50
4837362517 55.594150803892937 1010.914259271621972 35.3099674 -80.7442450 50
2129718103 1318.153666803395936 802.249543369359344 35.3080803 -80.7303463 50
1868077983 1509.254018188474902 376.881361710910880 35.3042334 -80.7282426 50
2129718107 1347.640368357346915 802.802414748543924 35.3080853 -80.7300217 50
2129718108 1367.425345555634976 802.924046452147422 35.3080864 -80.7298039 50
172228410 1343.252790770000047 802.769242465103730 35.3080850 -80.7300700 50
2129718110 1303.028787539459017 806.628284691348881 35.3081199 -80.7305128 50
172897119 1509.126842025769065 346.097483321815616 35.3039550 -80.7282440 50
172897122 1509.581042604879940 454.526618192023591 35.3049356 -80.7282390 50
1833752479 1242.329422232322941 1217.433834224729935 35.3118351 -80.7311810 50
172897125 1509.581042604879940 461.094730176063081 35.3049950 -80.7282390 50
172897127 1510.943644341057052 475.248237481644878 35.3051230 -80.7282240 50
1825881135 740.419614999318583 604.940805593314280 35.3062959 -80.7367062 50
172668733 587.826388656920699 156.020303183847005 35.3022360 -80.7383860 50
172897137 1517.756653017318968 574.322788617200786 35.3060190 -80.7281490 50
653847410 1248.115937602498889 46.540712692696161 35.3012459 -80.7311173 50
172897140 1516.848251860252958 581.841839373269067 35.3060870 -80.7281590 50
172897141 1514.032208274157028 588.808018750152542 35.3061500 -80.7281900 50
172897142 1509.490202488826981 594.889603920481477 35.3062050 -80.7282400 50
482710391 745.406737351230163 40.812965205129103 35.3011941 -80.7366513 50
172897144 1501.859632771552015 601.413486193735935 35.3062640 -80.7283240 50
172897147 1413.108839737634980 654.046841484807601 35.3067400 -80.7293010 50
172897150 1407.930953142242970 658.580386793841171 35.3067810 -80.7293580 50
482710400 946.563089543655678 153.289118572067110 35.3022113 -80.7344369 50
482710401 948.125539533531992 222.221122117875410 35.3028347 -80.7344197 50
482710402 983.989217210849574 264.051370661914120 35.3032130 -80.7340249 50
482710403 1007.380547000968022 271.791569969093814 35.3032830 -80.7337674 50
172897156 1404.388188631188086 664.109100585688338 35.3068310 -80.7293970 50
172897159 1403.298107243170989 670.854131409350657 35.3068920 -80.7294090 50
1833752412 603.841501054019773 223.769161979874099 35.3028487 -80.7382097 50
172897162 1403.298107243170989 675.940548098272416 35.3069380 -80.7294090 50
172897163 1410.201956035486091 735.650657042486728 35.3074780 -80.7293330 50
482710412 923.171759753537458 51.052143146337130 35.3012867 -80.7346944 50
172897165 1411.655397886561104 759.866423446135741 35.3076970 -80.7293170 50
172897167 1411.201197308605970 959.342417028838213 35.3095010 -80.7293220 50
172897168 1411.746238002614064 1044.152886584663065 35.3102680 -80.7293160 50
172897169 1412.654639159680073 1083.185605949337969 35.3106210 -80.7293060 50
482710418 891.986348034474645 72.735758635331081 35.3014828 -80.7350377 50
172897171 1420.466889109062095 1128.852781863525934 35.3110340 -80.7292200 50
482710420 889.651757061612216 92.871334262327423 35.3016649 -80.7350634 50
172897173 1440.179194214045083 1177.726611777266953 35.3114760 -80.7290030 50
172897176 1464.160984757354072 1224.167807621751081 35.3118960 -80.7287390 50
172897178 1473.244996326859109 1245.508642855327935 35.3120890 -80.7286390 50
172897180 1477.332801533078964 1257.782387471540915 35.3122000 -80.7285940 50
172897182 1479.876324773325905 1265.412012503868027 35.3122690 -80.7285660 50
2129718175 1300.703280577971100 988.036441605501523 35.3097605 -80.7305384 50
172897184 1486.871013681695104 1292.613284355958967 35.3125150 -80.7284890 50
172897186 1493.684022357957019 1322.136615999640981 35.3127820 -80.7284140 50
172897189 1496.681746176160004 1338.612183097516890 35.3129310 -80.7283810 50
1805364136 1393.378366608749047 247.498401571219205 35.3030633 -80.7295182 50
3729890217 993.027808721172505 105.675835403036103 35.3017807 -80.7339254 50
1805364138 1398.111136636403899 276.137139009049577 35.3033223 -80.7294661 50
3729890221 835.065931541057125 40.503357233152201 35.3011913 -80.7356643 50
1805364143 1435.973296857649075 313.776622498769598 35.3036627 -80.7290493 50
4076783594 10.937149930290159 958.347248546727769 35.3094920 -80.7447366 50
3629358002 1581.980614812762951 1088.415769196551992 35.3106683 -80.7274420 50
2401932215 1210.780650052513920 1032.520472767798083 35.3101628 -80.7315283 50
3729890232 1626.683035746704036 594.790087072973733 35.3062041 -80.7269499 50
653810618 358.164408157448293 1178.500631708265928 35.3114830 -80.7409142 50
3627440033 254.906448650375296 1211.020526227031041 35.3117771 -80.7420509 50
653810622 318.231093300126474 1130.445051435606047 35.3110484 -80.7413538 50
653810625 313.334811063112681 1124.540385107010934 35.3109950 -80.7414077 50
1803349835 351.614835816816083 147.738289924827313 35.3021611 -80.7409863 50
653810629 322.945695303878097 942.767333083454218 35.3093511 -80.7413019 50
5423858634 739.783734190412588 51.693473946388167 35.3012925 -80.7367132 50
653810659 319.630031080644699 946.360997047803266 35.3093836 -80.7413384 50
4614310452 533.622091622171411 663.091817247482140 35.3068218 -80.7389827 50
482708457 162.358538778835992 1297.611241623310889 35.3125602 -80.7430697 50
1825881066 706.072967255006461 394.064604172905888 35.3043888 -80.7370843 50
4493122549 704.510517266285888 789.621961070383577 35.3079661 -80.7371015 50
4493122550 674.833051468854137 792.419490248340935 35.3079914 -80.7374282 50
4493122551 657.446253324203894 791.579125752571031 35.3079838 -80.7376196 50
1825881080 708.834506771701626 461.879807534407007 35.3050021 -80.7370539 50
4493122553 616.677209400809602 773.478116800580779 35.3078201 -80.7380684 50
1863560186 1092.561323488549988 804.140363486072715 35.3080974 -80.7328297 50
4493122555 578.079244242075220 736.137183854790578 35.3074824 -80.7384933 50
1863556092 1156.485512901710990 803.532204968758379 35.3080919 -80.7321260 50
1863556093 1152.960916412248025 803.576434678840087 35.3080923 -80.7321648 50
1863556094 1104.706646955878114 804.029789209110277 35.3080964 -80.7326960 50
1863556095 1101.781595230979974 804.051904065206145 35.3080966 -80.7327282 50
1804645376 1519.528035274581043 546.314324552076982 35.3057657 -80.7281295 50
1805394945 1398.465413088088098 279.620228697139680 35.3033538 -80.7294622 50
653810692 313.534659317967680 1105.510552237680940 35.3108229 -80.7414055 50
172897111 1503.403914737524019 329.511341947680307 35.3038050 -80.7283070 50
1807875086 1257.772241901290954 802.979333589573685 35.3080869 -80.7310110 50
653810703 358.128072111951496 1159.824636521698949 35.3113141 -80.7409146 50
482708499 794.351391687063597 1037.087190359568922 35.3102041 -80.7361125 50
482708500 257.304627704012773 1244.911541766764913 35.3120836 -80.7420245 50
653810709 380.220388248979077 1202.495249561507990 35.3117000 -80.7406714 50
482708503 209.341046616238913 1252.707028212073965 35.3121541 -80.7425525 50
482708505 230.079845029619491 1213.740653411467065 35.3118017 -80.7423242 50
482708506 336.072092021576395 1332.851263327916968 35.3128789 -80.7411574 50
482708508 248.692984736366697 1208.598949586526032 35.3117552 -80.7421193 50
482708509 235.612008075539507 1210.036415172264924 35.3117682 -80.7422633 50
482708511 154.400944646312212 1125.292290182617990 35.3110018 -80.7431573 50
1825881122 710.533216936813574 569.711841316051959 35.3059773 -80.7370352 50
172668763 703.102495472082182 375.178517862571823 35.3042180 -80.7371170 50
482708521 754.917697464568050 786.547996202482182 35.3079383 -80.7365466 50
482708522 446.906117181146215 737.674166288741390 35.3074963 -80.7399373 50
482708523 430.427720193562095 751.341146780612462 35.3076199 -80.7401187 50
482708524 410.034114220490778 774.174734738058191 35.3078264 -80.7403432 50
482708525 394.881982922431121 808.032577994351527 35.3081326 -80.7405100 50
482708526 392.211283520633572 844.157193905513168 35.3084593 -80.7405394 50
482708527 392.928920435374607 868.162869186802482 35.3086764 -80.7405315 50
482708528 400.005365447266911 1278.636695891407044 35.3123886 -80.7404536 50
482708529 409.361897363776507 1266.241319572294060 35.3122765 -80.7403506 50
482708530 418.718429280285989 1247.653783806593083 35.3121084 -80.7402476 50
482708531 415.475437150357493 1234.307468715451023 35.3119877 -80.7402833 50
482708532 394.545874494651798 1217.455949079419042 35.3118353 -80.7405137 50
482708533 364.141687771105012 1185.699017064308919 35.3115481 -80.7408484 50
482708534 297.864739360022099 1105.930734485916901 35.3108267 -80.7415780 50
482708535 286.954841466166215 1088.117218651216035 35.3106656 -80.7416981 50
482708536 277.598309549656619 1062.563503508630902 35.3104345 -80.7418011 50
482708538 272.920043591401793 1036.224711008406075 35.3101963 -80.7418526 50
1833752415 612.889176576872615 257.914498353455997 35.3031575 -80.7381101 50
482708540 276.035859559780306 1012.219035727116989 35.3099792 -80.7418183 50
5728115773 1644.097085924320936 610.557978804621371 35.3063467 -80.7267582 50
482708542 281.495350511239678 992.857480031120190 35.3098041 -80.7417582 50
482708544 293.186473401767273 971.947884473124759 35.3096150 -80.7416295 50
482708546 315.796578198680891 948.716229122131494 35.3094049 -80.7413806 50
482708547 344.647398943725591 924.699496414904388 35.3091877 -80.7410630 50
482708549 368.038728734999495 913.863217383727715 35.3090897 -80.7408055 50
1833752417 630.575747101494017 289.394994680028617 35.3034422 -80.7379154 50
482708552 427.293736202435298 909.993117729434516 35.3090547 -80.7401532 50
482708555 460.041597910218684 924.699496414904388 35.3091877 -80.7397927 50
482708557 496.441232269014904 956.810266112776958 35.3094781 -80.7393920 50
482708559 504.453330472095899 971.063290266569879 35.3096070 -80.7393038 50
482708561 507.659986556527713 982.319751545279928 35.3097088 -80.7392685 50
482708566 380.511076618731693 895.275681618026738 35.3089216 -80.7406682 50
172668772 710.823905306566076 573.548768687608117 35.3060120 -80.7370320 50
172627038 612.353219893082496 0.884594205852181 35.3008330 -80.7381160 50
1833752421 679.629409577284832 348.773380796872914 35.3039792 -80.7373754 50
4565612430 740.864731567055287 55.132333924396107 35.3013236 -80.7367013 50
1833752423 696.162310633114203 375.200632717964311 35.3042182 -80.7371934 50
1833752424 698.160793179352936 382.609109198477086 35.3042852 -80.7371714 50
482710390 724.994963355410391 44.362399459397011 35.3012262 -80.7368760 50
3702167401 713.685368951844339 382.432190356040678 35.3042836 -80.7370005 50
1833752426 700.885996649395679 414.675649186971384 35.3045752 -80.7371414 50
172668841 1186.907867648006004 1206.387464070490068 35.3117352 -80.7317911 50
4614310422 1162.290196295791020 231.907428680601100 35.3029223 -80.7320621 50
5742054536 1482.229083768937016 1114.157460607510984 35.3109011 -80.7285401 50
4493122557 526.300378297397515 717.582820371826756 35.3073146 -80.7390633 50
172668781 739.602053957150133 634.453079809651626 35.3065628 -80.7367152 50
5742054544 1515.440230067204993 1113.383440676512009 35.3108941 -80.7281745 50
5742054552 1540.394009848356063 1107.865784312712094 35.3108442 -80.7278998 50
5742054559 1564.066943999162959 1097.814582641286052 35.3107533 -80.7276392 50
1833752432 708.625574506628027 589.548866399118310 35.3061567 -80.7370562 50
4493122558 489.582803533570313 720.203430708754468 35.3073383 -80.7394675 50
172668787 759.950239873350483 667.304697156489965 35.3068599 -80.7364912 50
1833752436 736.577078104824977 637.748193229367644 35.3065926 -80.7367485 50
172897170 1418.014205984868113 1120.117414074235967 35.3109550 -80.7292470 50
482710389 704.764869589385967 55.364539903556079 35.3013257 -80.7370987 50
1833752438 751.511193125281238 663.390367792115285 35.3068245 -80.7365841 50
1808960710 1121.375808185787037 803.874985224176498 35.3080950 -80.7325125 50
1808960711 1116.034409383348020 803.919214934257980 35.3080954 -80.7325713 50
1808960712 1068.388768701760910 804.372569464528397 35.3080995 -80.7330958 50
1833752439 752.928298930859228 666.851342625516281 35.3068558 -80.7365685 50
1833752440 756.189459083536121 676.504476904801550 35.3069431 -80.7365326 50
172668794 760.785968939423128 836.604970867411225 35.3083910 -80.7364820 50
172668784 756.898011986902929 661.764925938001397 35.3068098 -80.7365248 50
2129814754 1097.357681595826080 804.096133775287626 35.3080970 -80.7327769 50
1871768809 1132.022269746323900 1185.356236808891026 35.3115450 -80.7323953 50
729722090 435.941715215577972 1239.637148809468954 35.3120359 -80.7400580 50
4854194046 529.679630600250334 670.854131409350657 35.3068920 -80.7390261 50
3702011126 1353.118027333865939 1154.693990123399089 35.3112677 -80.7299614 50
3702011127 1356.660791844921050 1163.694736175289108 35.3113491 -80.7299224 50
3702011128 1363.446548488217104 1176.255973908791020 35.3114627 -80.7298477 50
3702011129 1371.767503084953887 1190.343136648195014 35.3115901 -80.7297561 50
3702011130 1379.788685300565021 1202.605823837063099 35.3117010 -80.7296678 50
3702011131 1391.815916618872052 1219.755894017024957 35.3118561 -80.7295354 50
3702011132 1402.298865970051111 1236.905964196985906 35.3120112 -80.7294200 50
4854194048 520.232258568843122 695.224701801450578 35.3071124 -80.7391301 50
5727976707 1153.624049257588922 359.377453847483707 35.3040751 -80.7321575 50
3702011140 1387.673607344406946 1213.851227688428935 35.3118027 -80.7295810 50
3702011142 1169.439313398677086 1267.369177186056049 35.3122867 -80.7319834 50
172897153 1405.750790367364971 661.234169413505811 35.3068050 -80.7293820 50
172668802 765.600495069446424 964.428833717056364 35.3095470 -80.7364290 50
172773933 1141.160785384075098 330.373821300249517 35.3038128 -80.7322947 50
1805458707 1335.349700703410008 227.694548772296713 35.3028842 -80.7301570 50
4614310446 1189.269710656147026 219.423592939918109 35.3028094 -80.7317651 50
172668804 776.682989185190536 997.490542187661390 35.3098460 -80.7363070 50
1873575195 770.251508993578682 786.735972471559762 35.3079400 -80.7363778 50
172773936 1140.679332771996997 354.810736256416590 35.3040338 -80.7323000 50
1873575203 763.011551772328176 797.483792081166712 35.3080372 -80.7364575 50
172668883 1535.016274999263942 1109.723432147392032 35.3108610 -80.7279590 50
172668806 785.494480406536013 1019.052525972349031 35.3100410 -80.7362100 50
1873575206 754.299984677254656 797.262643529352090 35.3080352 -80.7365534 50
4614310449 552.108055166212921 648.639759397267085 35.3066911 -80.7387792 50
1871772968 1310.414088946163929 1122.063521328376055 35.3109726 -80.7304315 50
482710407 1046.369124656881922 270.243530108501886 35.3032690 -80.7333382 50
4614310450 545.685658985975238 652.034389665194112 35.3067218 -80.7388499 50
4614310451 538.836314261904818 656.501590408753600 35.3067622 -80.7389253 50
1806800183 1409.157294705496042 726.638853562549230 35.3073965 -80.7293445 50
1805458745 1397.575179953769975 269.745945866743227 35.3032645 -80.7294720 50
729711933 351.669339887372814 1319.626579939676049 35.3127593 -80.7409857 50
4614310454 540.843880819517835 655.196813953961964 35.3067504 -80.7389032 50
4384937286 74.452558822365972 1029.391220761767045 35.3101345 -80.7440374 50
172668812 814.608737487210647 1089.046042567852055 35.3106740 -80.7358895 50
4565612429 736.704254267530814 41.951880246939027 35.3012044 -80.7367471 50
1825447251 761.285589574249229 592.866094672820054 35.3061867 -80.7364765 50
1825447252 773.930533678714028 598.737588719382074 35.3062398 -80.7363373 50
1825447253 785.621656569241736 604.166785661611584 35.3062889 -80.7362086 50
1825447254 794.923684416350397 608.490239846878467 35.3063280 -80.7361062 50
1825447255 732.189500518634304 610.557978804621371 35.3063467 -80.7367968 50
1825447256 726.430237183736608 614.063183348104076 35.3063784 -80.7368602 50
1833752463 1406.214074956694049 1121.908717342035061 35.3109712 -80.7293769 50
172228449 885.509447787147451 788.505160883966255 35.3079560 -80.7351090 50
4565612432 753.300743405290973 152.669902626704896 35.3022057 -80.7365644 50
1833752465 1363.982505170851027 1144.277893341163008 35.3111735 -80.7298418 50
4045926710 1168.966944799128896 1335.880998485034070 35.3129063 -80.7319886 50
1833752466 803.889603834524223 1143.769251672058999 35.3111689 -80.7360075 50
1833752467 1350.256563688587903 1157.436232163930981 35.3112925 -80.7299929 50
172897172 1431.640223339702970 1158.376113508614935 35.3113010 -80.7290970 50
3709716355 1600.802686784583102 1026.538404446383993 35.3101087 -80.7272348 50
1873548677 770.569449398609663 884.085564904790772 35.3088204 -80.7363743 50
172668823 842.714669282236173 1211.252732206190103 35.3117792 -80.7355801 50
172668761 699.759579214726159 363.689850604702713 35.3041141 -80.7371538 50
1833752474 1285.841837650818889 1209.472486365735904 35.3117631 -80.7307020 50
1873548706 811.465669483553938 978.737145008275434 35.3096764 -80.7359241 50
1873548707 780.616366194581815 984.066825102997313 35.3097246 -80.7362637 50
172668828 922.199770514540660 1224.300496753402967 35.3118972 -80.7347051 50
172668829 979.983168108153336 1217.091053970015082 35.3118320 -80.7340690 50
3627440031 226.010207847303889 1238.155453512943950 35.3120225 -80.7423690 50
3627440032 234.821699068649309 1246.835534165511945 35.3121010 -80.7422720 50
2129814755 1088.891382813633982 804.173535768106376 35.3080977 -80.7328701 50
3627440034 242.034404255777190 1208.267226759154937 35.3117522 -80.7421926 50
3627440035 251.145667859405108 1248.295114607346932 35.3121142 -80.7420923 50
2129659973 1264.403570346602010 855.203564059753262 35.3085592 -80.7309380 50
172668837 1151.571062643105051 1209.372969516821968 35.3117622 -80.7321801 50
1833752486 981.899894549713167 1225.704790056405045 35.3119099 -80.7340479 50
1833752487 865.252101987000287 1231.919064357681918 35.3119661 -80.7353320 50
1833752488 924.116496956100377 1232.914232839088982 35.3119751 -80.7346840 50
1833752489 894.139258776386214 1237.005481045197030 35.3120121 -80.7350140 50
5425493496 577.561455583345037 249.190187991510498 35.3030786 -80.7384990 50
5425493503 596.746888018223444 199.708199561158693 35.3026311 -80.7382878 50
172668843 1214.977463397535075 1208.709523862080914 35.3117562 -80.7314821 50
172897113 1507.037519364632999 336.588095600823010 35.3038690 -80.7282670 50
4493122552 636.271422355616551 785.652344568582748 35.3079302 -80.7378527 50
172668846 1236.688251048756911 1209.041246689451100 35.3117592 -80.7312431 50
5727976708 1141.079029279396082 334.675160629420475 35.3038517 -80.7322956 50
5189367046 152.656814423172989 1307.264375901892890 35.3126475 -80.7431765 50
172668849 1240.412695790763109 1208.820098138339972 35.3117572 -80.7312021 50
5189367047 159.415319031190194 1315.015632637823956 35.3127176 -80.7431021 50
4614310433 1138.998790629633959 179.926461616221786 35.3024522 -80.7323185 50
172668852 1258.489878816031933 1207.603781104415020 35.3117462 -80.7310031 50
172668854 1283.261978365075038 1198.879470741765999 35.3116673 -80.7307304 50
172668796 762.057730557235459 910.136864288430502 35.3090560 -80.7364680 50
172668856 1304.164288985502935 1188.761924504163062 35.3115758 -80.7305003 50
482710415 920.837168779519288 56.470282661925012 35.3013357 -80.7347201 50
3627440058 1180.549059549698995 210.013722068543188 35.3027243 -80.7318611 50
172897116 1508.218440868703055 340.347620978857094 35.3039030 -80.7282540 50
172668860 1327.219510347842061 1168.692693442641030 35.3113943 -80.7302465 50
1806268012 1353.844748258824893 802.835587030577699 35.3080856 -80.7299534 50
172228458 781.224994970521038 786.404249644189576 35.3079370 -80.7362570 50
1806268014 1382.513888771763959 803.023563299655279 35.3080873 -80.7296378 50
1806268017 1407.585760703090045 803.178367285995819 35.3080887 -80.7293618 50
172668863 1346.014330286694985 1147.661466181041988 35.3112041 -80.7300396 50
1806268028 1411.909750210817037 865.066789463508599 35.3086484 -80.7293142 50
172668866 1361.230049665530032 1133.519016303507897 35.3110762 -80.7298721 50
172668867 1385.947645144017088 1120.460194328951047 35.3109581 -80.7296000 50
1806268053 1423.273848683784081 1113.095947559223077 35.3108915 -80.7291891 50
172668868 1417.105804827802103 1113.482957524722906 35.3108950 -80.7292570 50
1871772955 1220.246190107824987 1099.417909640711059 35.3107678 -80.7314241 50
172668871 1426.008136166356053 1112.930086145538098 35.3108900 -80.7291590 50
5727993801 1028.364613726073912 69.462760070304057 35.3014532 -80.7335364 50
172668875 1455.985374344915044 1113.593531800278015 35.3108960 -80.7288290 50
2902023892 1481.920227376436060 1273.373360362862059 35.3123410 -80.7285435 50
172668878 1502.858874043515925 1114.588700282389027 35.3109050 -80.7283130 50
3627440080 1179.422642113873962 184.736442615199394 35.3024957 -80.7318735 50
5727984934 1218.974428487701061 76.141446330603117 35.3015136 -80.7314381 50
172668881 1519.028414637442893 1113.040660421092980 35.3108910 -80.7281350 50
5727984935 1232.654949911938047 84.124909044286142 35.3015858 -80.7312875 50
172668736 591.278313053078364 179.019752554977799 35.3024440 -80.7383480 50
3702888175 1712.517861065940906 686.069151763220589 35.3070296 -80.7260050 50
3702888176 1705.604928261095893 695.910262311583438 35.3071186 -80.7260811 50
3702888177 1700.526965794286980 708.040260368800432 35.3072283 -80.7261370 50
3702888178 1697.529241976083995 720.866876364198220 35.3073443 -80.7261700 50
3702888179 1697.075041396972892 730.486838360746560 35.3074313 -80.7261750 50
3702888180 1693.841133278418965 746.509050927649241 35.3075762 -80.7262106 50
3702888181 1687.618585354191964 772.383431469555944 35.3078102 -80.7262791 50
3702888182 1683.240091778219039 789.334467953094986 35.3079635 -80.7263273 50
3702888183 1674.946389214449027 813.141109537962166 35.3081788 -80.7264186 50
3702888184 1659.267385245128935 858.476562624780172 35.3085888 -80.7265912 50
172668884 1550.368254551023028 1104.415866907359032 35.3108130 -80.7277900 50
3702888186 1611.558156482766890 993.576212823286596 35.3098106 -80.7271164 50
3702888187 1603.255369908777993 1016.011733387887944 35.3100135 -80.7272078 50
3702888188 1598.876876332805068 1034.787245421963007 35.3101833 -80.7272560 50
3702888189 1599.340160922135055 1049.670542948462980 35.3103179 -80.7272509 50
3702888190 1604.636139667702992 1060.208271433599975 35.3104132 -80.7271926 50
3702888191 1610.259142828519998 1073.444012249889965 35.3105329 -80.7271307 50
3702888192 1689.662487956145924 763.913441941458586 35.3077336 -80.7262566 50
172668886 1556.999582997490052 1101.540935735880112 35.3107870 -80.7277170 50
172668888 1617.771620396775006 1069.474395747384960 35.3104970 -80.7270480 50
172668803 769.869980506617026 980.793826537970403 35.3096950 -80.7363820 50
172668890 1626.855631966280043 1064.719701887240944 35.3104540 -80.7269480 50
482710417 913.043086852886177 61.888422176810082 35.3013847 -80.7348059 50
172668710 606.902812951841611 16.696715648285139 35.3009760 -80.7381760 50
172668713 602.905847861675397 26.316677644833131 35.3010630 -80.7382200 50
172668716 596.365359531261788 45.998898740855111 35.3012410 -80.7382920 50
172668719 593.730996176116719 55.950583565477018 35.3013310 -80.7383210 50
172668721 589.370670622892931 79.502904315089154 35.3015440 -80.7383690 50
172668724 587.372188078965451 97.305362722446489 35.3017050 -80.7383910 50
172668727 585.918746226735152 121.410554851946799 35.3019230 -80.7384070 50
172228408 1412.382118811520058 803.211539568732860 35.3080890 -80.7293090 50
172668730 586.827147383801275 144.410004223077607 35.3021310 -80.7383970 50
172228413 1332.460985025164973 802.548093913992489 35.3080830 -80.7301888 50
172228416 1319.634360688593006 802.216371085918922 35.3080800 -80.7303300 50
172228419 1306.371703796814927 802.548093913992489 35.3080830 -80.7304760 50
172228421 1291.473924824166943 802.879816741362674 35.3080860 -80.7306400 50
172668742 619.456916941408736 244.557125834265889 35.3030367 -80.7380378 50
172228423 1194.284085042181005 803.167309857947885 35.3080886 -80.7317099 50
172668745 622.781665176016418 252.938655941496705 35.3031125 -80.7380012 50
172228426 1133.230443283362092 803.764410947917440 35.3080940 -80.7323820 50
3527288651 799.447522177776818 1045.888902715036011 35.3102837 -80.7360564 50
172668748 632.546977612454498 272.421843341800525 35.3032887 -80.7378937 50
172228430 1050.111737425103911 804.538430878916870 35.3081010 -80.7332970 50
172668751 640.331975527713553 286.188340681882607 35.3034132 -80.7378080 50
172668754 651.959510336310586 300.894719365242395 35.3035462 -80.7376800 50
4363571171 677.131306393908403 172.108860316223712 35.3023815 -80.7374029 50
172228436 999.513792982185237 802.658668189548052 35.3080840 -80.7338540 50
172668757 667.665766339752849 321.384132675001126 35.3037315 -80.7375071 50
172228438 975.532002440031988 801.110628328252801 35.3080700 -80.7341180 50
172668760 689.639990326604561 346.462378431219520 35.3039583 -80.7372652 50
172228441 958.999101383046991 798.235697157476920 35.3080440 -80.7343000 50
1833752410 594.103440650548578 190.685338653876698 35.3025495 -80.7383169 50
1833752411 598.845294689578395 206.851297779775308 35.3026957 -80.7382647 50
172228444 939.831836972072665 791.269517779889838 35.3079810 -80.7345110 50
1833752413 606.394108303329858 235.865987755057404 35.3029581 -80.7381816 50
1833752414 609.609848400291526 246.492175661060912 35.3030542 -80.7381462 50
172668767 708.916262876380642 465.849424036911216 35.3050380 -80.7370530 50
1833752416 621.764255878992913 276.900101512704396 35.3033292 -80.7380124 50
172668769 709.279623339438331 554.198270417549111 35.3058370 -80.7370490 50
1833752418 642.203281910090936 304.101373364091785 35.3035752 -80.7377874 50
1833752419 659.190383545031182 324.336465839299024 35.3037582 -80.7376004 50
1833752420 679.665745622781628 333.967485263895185 35.3038453 -80.7373750 50
172228453 817.288520899226569 787.067695298929948 35.3079430 -80.7358600 50
1833752422 690.893583922824178 364.474927963046525 35.3041212 -80.7372514 50
172668775 714.275829702723968 589.803187232966479 35.3061590 -80.7369940 50
3702167400 725.222063643232332 382.188926949536892 35.3042814 -80.7368735 50
1833752425 699.132782416038481 394.086719028298319 35.3043890 -80.7371607 50
172668778 722.723960462167270 607.384497087805585 35.3063180 -80.7369010 50
1833752427 701.894321933889273 461.901922389096114 35.3050023 -80.7371303 50
1833752428 701.976078038568403 465.871538891600210 35.3050382 -80.7371294 50
1833752429 702.339438501625978 554.220385273644979 35.3058372 -80.7371254 50
1833752430 703.593032096689740 569.733956170741067 35.3059775 -80.7371116 50
1833752431 703.883720467598096 573.570883542297224 35.3060122 -80.7371084 50
172228464 763.311324154610702 786.758087326248869 35.3079402 -80.7364542 50
1833752433 717.073705264915816 606.577304874772722 35.3063107 -80.7369632 50
1833752434 721.979071513303779 614.173757623659640 35.3063794 -80.7369092 50
1833752435 734.360579282138588 633.601657885130408 35.3065551 -80.7367729 50
172668788 762.729947413949731 677.046290855938423 35.3069480 -80.7364606 50
172668790 763.701936651790902 714.232419814684704 35.3072843 -80.7364499 50
172668791 763.556592467492351 747.725367961574193 35.3075872 -80.7364515 50
172668792 763.529340432213985 755.432394986016789 35.3076569 -80.7364518 50
1833752441 756.770835824197093 694.472796725843637 35.3071056 -80.7365262 50
1833752442 757.406716634258828 716.167469641479556 35.3073018 -80.7365192 50
1833752443 755.444570134672631 746.232615237705090 35.3075737 -80.7365408 50
1833752444 755.144797753545618 753.585804580088393 35.3076402 -80.7365441 50
1833752445 755.035789614743976 779.095290011887982 35.3078709 -80.7365453 50
172668798 763.147811945252442 949.059009377549614 35.3094080 -80.7364560 50
4854194047 525.319305048182173 680.518323117387354 35.3069794 -80.7390741 50
1833752448 754.227312585105324 803.731238665180513 35.3080937 -80.7365542 50
1833752449 753.845784098143668 836.627085722100446 35.3083912 -80.7365584 50
1833752450 754.663345140312231 883.941818346498167 35.3088191 -80.7365494 50
1833752451 755.117545719423106 910.158979143822989 35.3090562 -80.7365444 50
1833752452 756.207627107440203 949.081124232941988 35.3094082 -80.7365324 50
1833752453 758.660310230478444 964.450948571745471 35.3095472 -80.7365054 50
1833752454 762.929795668804672 980.815941394066272 35.3096952 -80.7364584 50
1833752455 765.064538386812160 986.057162067921695 35.3097426 -80.7364349 50
1833752456 769.742804346222670 997.512657043053878 35.3098462 -80.7363834 50
1833752457 778.554295568723660 1019.074640828445013 35.3100412 -80.7362864 50
1833752458 787.411206848095617 1037.109305214961068 35.3102043 -80.7361889 50
1833752459 788.546708292983567 1039.409250151159995 35.3102251 -80.7361764 50
1833752460 798.057668407477195 1055.685783551911072 35.3103723 -80.7360717 50
1833752461 806.260530855194702 1089.068157423245111 35.3106742 -80.7359814 50
1833752462 1404.633456944068939 1114.765619124824980 35.3109066 -80.7293943 50
172668815 810.829788674647716 1143.747136817369892 35.3111687 -80.7359311 50
1833752464 1388.036967805154063 1128.908069001656031 35.3110345 -80.7295770 50
172668817 810.920628789545390 1156.960762777564014 35.3112882 -80.7359301 50
172668818 817.279436887852398 1177.173740398081918 35.3114710 -80.7358601 50
172668819 826.181768226406803 1193.947858040592109 35.3116227 -80.7357621 50
1833752468 803.980443950577410 1156.982877632957070 35.3112884 -80.7360065 50
1833752469 809.975891586982470 1178.633320839215003 35.3114842 -80.7359405 50
1833752470 1340.445831194123002 1167.730697243267059 35.3113856 -80.7301009 50
1833752471 1325.266447861941060 1183.045234443940899 35.3115241 -80.7302680 50
1833752472 1306.916744490823021 1199.852524369187904 35.3116761 -80.7304700 50
1833752473 820.858537446715900 1201.124128540539004 35.3116876 -80.7358207 50
172668826 863.335375545440684 1223.305328270588916 35.3118882 -80.7353531 50
1833752475 1166.268993362052925 1216.294919182920012 35.3118248 -80.7320183 50
1833752476 1188.824594088410095 1215.001200156880031 35.3118131 -80.7317700 50
1833752477 1260.406605256436023 1216.217517190804983 35.3118241 -80.7309820 50
1833752478 1216.894189839094906 1217.323259949175053 35.3118341 -80.7314610 50
172668831 1068.179836434376057 1216.007426067038068 35.3118222 -80.7330981 50
1833752480 1238.604977489161001 1217.654982776545012 35.3118371 -80.7312220 50
1833752481 1153.487789084663973 1217.986705603914970 35.3118401 -80.7321590 50
1833752482 842.460316959135980 1222.387561781999921 35.3118799 -80.7355829 50
1833752483 1135.555950246005978 1221.082785326505018 35.3118681 -80.7323564 50
1833752484 1113.518138179533935 1224.510587877168973 35.3118991 -80.7325990 50
3627440037 237.274382192843291 1248.217712613824915 35.3121135 -80.7422450 50
3627440038 231.151758394888105 1244.767795207769041 35.3120823 -80.7423124 50
3627440039 260.020747162681175 1215.255520991431013 35.3118154 -80.7419946 50
3627440040 263.527175628239775 1220.894809058130932 35.3118664 -80.7419560 50
3627440041 265.062373583993576 1227.341289337864055 35.3119247 -80.7419391 50
3627440042 264.453744809209979 1233.931516177294952 35.3119843 -80.7419458 50
3627440043 261.783045407412487 1240.002043920279903 35.3120392 -80.7419752 50
3627440044 226.537080518564210 1239.482344823831909 35.3120345 -80.7423632 50
3627440045 223.957221231664306 1232.980577405267013 35.3119757 -80.7423916 50
3627440046 223.721036931312511 1225.992283172990028 35.3119125 -80.7423942 50
3627440047 225.846695637945686 1219.324654340739926 35.3118522 -80.7423708 50
3627440048 1170.729243042705093 182.580244236589891 35.3024762 -80.7319692 50
3627440049 1176.315910158026099 186.030161642646391 35.3025074 -80.7319077 50
3627440050 1180.440051409741955 191.127635757505800 35.3025535 -80.7318623 50
3627440051 1182.683802267707051 203.821562621955508 35.3026683 -80.7318376 50
3627440052 1157.993458822186994 219.523109788129204 35.3028103 -80.7321094 50
3627440053 1152.197859440637103 216.847212313775287 35.3027861 -80.7321732 50
3627440054 1147.555929529034074 212.479528418427009 35.3027466 -80.7322243 50
3627440055 1144.576373733580112 206.862355207119890 35.3026958 -80.7322571 50
3627440056 1143.568048450242031 200.592793768417010 35.3026391 -80.7322682 50
3627440057 1144.621793792761991 194.334289756355190 35.3025825 -80.7322566 50
172668858 1322.513992355464097 1172.618080233655974 35.3114298 -80.7302983 50
3627440059 1176.488506376447049 215.155425893484107 35.3027708 -80.7319058 50
3627440060 1170.947259320307921 218.671687865014604 35.3028026 -80.7319668 50
3627440061 1164.543031163975002 220.186555443572786 35.3028163 -80.7320373 50
3627440062 1147.646769645087943 188.739231399737292 35.3025319 -80.7322233 50
3627440063 1152.315951591968087 184.404719787829208 35.3024927 -80.7321719 50
3627440064 1158.138803007640945 181.784109450901497 35.3024690 -80.7321078 50
3627440065 1164.506695117321897 181.153836078194786 35.3024633 -80.7320377 50
3627440066 1126.535526757274965 177.493827549075007 35.3024302 -80.7324557 50
3627440067 1143.295528103237984 181.286525209142809 35.3024645 -80.7322712 50
3627440068 1137.554432791089084 196.402028713394799 35.3026012 -80.7323344 50
3627440069 1125.490865427284916 187.080617262183011 35.3025169 -80.7324672 50
3627440070 1112.328132662933967 177.515942403764086 35.3024304 -80.7326121 50
3627440071 1237.614820228571034 75.665976944237059 35.3015093 -80.7312329 50
3627440073 1218.965344476326891 113.991020944089499 35.3018559 -80.7314382 50
3627440074 1216.076628796925888 127.569542015094200 35.3019787 -80.7314700 50
3627440075 1209.318124190064964 140.340870872362387 35.3020942 -80.7315444 50
3627440076 1202.250763188390920 148.003668186723388 35.3021635 -80.7316222 50
3627440077 1192.603542902128993 155.356857529106691 35.3022300 -80.7317284 50
3627440078 1184.564192663769973 161.427385271387493 35.3022849 -80.7318169 50
3627440079 1179.259129906826956 173.723244743696313 35.3023961 -80.7318753 50
172668809 804.743500922189355 1055.022337897170019 35.3103663 -80.7359981 50
3627440081 1165.596776506494962 175.315514315073187 35.3024105 -80.7320257 50
3627440082 1170.720159030174955 169.012780593633209 35.3023535 -80.7319693 50
3627440083 1174.916972375196110 160.299527658328913 35.3022747 -80.7319231 50
3627440084 1176.688354632457958 148.003668186723388 35.3021635 -80.7319036 50
3627440085 1177.496831662095929 135.873670129506309 35.3020538 -80.7318947 50
3627440086 1180.712571757901969 124.849414830658802 35.3019541 -80.7318593 50
3627440087 1185.854122305486044 114.953017144166395 35.3018646 -80.7318027 50
3627440088 1192.122090287740093 106.007558230406303 35.3017837 -80.7317337 50
3627440089 1200.479380932285949 99.306757114715424 35.3017231 -80.7316417 50
3627440090 1206.029712000954078 95.458772316518093 35.3016883 -80.7315806 50
3627440091 1216.394569201956983 80.453843087118116 35.3015526 -80.7314665 50
3627440092 1222.499024976008059 70.236780001304055 35.3014602 -80.7313993 50
4493122554 599.154151083235092 754.636260200328479 35.3076497 -80.7382613 50
4363571168 687.805019989724087 78.839458660349123 35.3015380 -80.7372854 50
4363571169 679.302385159724054 103.729728148193303 35.3017631 -80.7373790 50
4363571170 678.121463655653656 131.329067393128298 35.3020127 -80.7373920 50
482711547 1295.316461716349068 1120.559711177161944 35.3109590 -80.7305977 50
4363571172 670.036693359267815 191.835311122327710 35.3025599 -80.7374810 50
4363571173 663.459868983357410 203.213404105344694 35.3026628 -80.7375534 50
4363571174 651.278209468222030 212.413183852952898 35.3027460 -80.7376875 50
1775112168 588.544025570505937 646.317699604972631 35.3066701 -80.7383781 50
4493122556 550.954385697420889 721.817815136227182 35.3073529 -80.7387919 50
729716714 275.490818864616017 1050.709941140655019 35.3103273 -80.7418243 50
5727996234 602.733251642098594 220.020694029887693 35.3028148 -80.7382219 50
172897129 1513.741519903248900 485.155692594778372 35.3052126 -80.7281932 50
1805711345 1015.274553055028036 379.900039440682804 35.3042607 -80.7336805 50
1805711347 1095.086678703738016 388.867613209835383 35.3043418 -80.7328019 50
1805711348 1137.309164479363062 390.072872816416009 35.3043527 -80.7323371 50
653813749 766.972180816997707 381.127413901952423 35.3042718 -80.7364139 50
4614310448 562.372988238632843 647.147006674101476 35.3066776 -80.7386662 50
482711546 1318.344431045720967 1127.315799430278958 35.3110201 -80.7303442 50
3627440036 244.205483021592812 1249.445087075094989 35.3121246 -80.7421687 50
482711548 1277.929663574009965 1124.518270252322054 35.3109948 -80.7307891 50
482711549 1256.100783772613113 1125.292290182617990 35.3110018 -80.7310294 50
482711550 1240.567123987591003 1116.247314420646035 35.3109200 -80.7312004 50
482711551 1214.777615141523938 1094.309378097100080 35.3107216 -80.7314843 50
