482711552 482711550
482711552 482711553
482711550 482711547
482711547 1871784100
1871784100 172668863
172668863 3702011126
172668863 172668856
172668863 172668866
3702011126 3702011130
3702011126 1833752464
3702011126 1833752470
3702011130 3702011132
1833752464 172668868
172668868 172897168
172668868 172897172
172668868 5742054536
172668868 172668866
172897168 3709683445
3709683445 1806268028
1806268028 172228408
172228408 172897165
172228408 1806268017
172897165 172897162
172897162 172897144
172897144 1804645376
1804645376 3627440228
1804645376 3627440231
3627440228 3627440231
3627440228 3627440237
3627440231 3627440239
3627440239 3627440224
3627440239 172897129
3627440224 3627440234
3627440224 172897129
3627440234 3627440237
3627440234 172716806
3627440237 172716806
172716806 172716817
172716817 172716819
172716819 172716821
172897129 1868077983
1868077983 172897111
172897111 5425496872
5425496872 172897078
172897078 1805364136
1805364136 3627440209
1805364136 172897073
3627440209 3627440211
3627440211 3627440213
3627440213 3627440216
3627440216 3627440217
3627440217 172897062
3627440217 3627440060
172897062 172897070
172897062 3627440050
172897070 3627440204
3627440204 1805458707
1805458707 172897073
3627440050 3627440076
3627440050 3627440064
3627440076 3627440193
3627440193 653847012
653847012 653847410
653847012 3627440089
3627440089 3627440085
3627440085 3627440064
3627440064 3627440063
3627440063 3627440055
3627440063 172225323
3627440055 3627440054
3627440055 172225323
3627440054 172773921
3627440054 3627440060
172773921 172773930
172773930 172773936
172773936 172526244
172526244 172526236
172526236 653813749
653813749 3702167401
3702167401 172526256
172526256 1825881080
172526256 1833752424
172526256 172668761
1825881080 172668769
172668769 172668778
172668778 1825447256
1825447256 172668784
1825447256 1825447252
172668784 172668790
172668790 1816672586
1816672586 172228464
172228464 482708521
172228464 172668794
172228464 172228453
482708521 4493122549
482708521 1833752449
482708521 1833752442
4493122549 4493122551
4493122551 4493122553
4493122553 4493122555
4493122555 4493122557
4493122557 4854194050
4854194050 4854194046
4854194050 482708522
4854194046 4614310447
4614310447 1833732445
1833732445 1833732444
482708522 482708524
482708524 482708526
482708526 3702846007
3702846007 482708552
3702846007 482708547
482708552 482708557
482708557 482708561
482708547 653810629
653810629 653810659
653810629 482708542
482708542 482708538
482708538 482708535
482708535 653810625
653810625 729711280
653810625 653810692
729711280 653810618
653810618 653810703
653810618 482708532
482708532 482708531
482708531 482708528
482708531 729722090
482708528 729710897
729710897 729710899
729710897 482708500
482708500 3627440032
482708500 482708505
3627440032 482708458
3627440032 3627440031
482708458 2147643917
3627440031 482708457
3627440031 482708505
482708457 2147643912
482708505 482708511
482708511 4384937286
482708511 3702845998
4384937286 4076783594
3702845998 3702846003
1833752449 1833752450
1833752450 1833752452
1833752452 1833752456
1833752456 1833752458
1833752458 1833752461
1833752461 1833752466
1833752466 1833752473
1833752473 1833752487
1833752487 1833752488
1833752488 1833752486
1833752486 1863678589
1863678589 1833752484
1833752484 1833752475
1833752475 172668838
1833752475 3702011142
1833752475 1833752478
172668838 482711565
172668838 172668843
172668838 172668835
482711565 1871784112
172668843 172668852
172668852 172668856
172668835 172668831
172668831 1863678587
1863678587 172668828
172668828 172668826
172668826 172668819
172668819 172668815
172668815 172668812
172668812 3527288651
3527288651 172668804
172668804 1269676764
1269676764 1269676740
1269676764 172668796
1269676740 1269676743
172668796 1269676745
1269676745 172668794
1269676745 1833757364
1833757364 1269676741
1269676741 1269676746
3702011142 4045926710
1833752478 1833752477
1833752477 1833752472
1833752472 1833752470
1833752442 1833752439
1833752439 1833752434
1833752434 1833752431
1833752431 1833752428
1833752428 1833752426
1833752426 1833752424
1833752424 1833752419
1833752419 1833752417
1833752417 5727996235
5727996235 1833752413
1833752413 172415416
1833752413 1833752412
1833752413 172415411
172415416 172668736
172415416 4363571173
172415416 172668748
172668736 172668727
172668736 1833752412
172668727 172668719
172668719 172627038
4363571173 4363571170
4363571170 4363571168
4363571168 482710390
482710390 4565612429
4565612429 3729890221
4565612429 4565612431
3729890221 172225285
172225285 172225286
172225285 482710418
172225286 172225294
172225294 172225297
172225297 172225308
172225297 3729890217
172225308 172225320
172225320 172225323
3729890217 482710400
482710400 482710401
482710401 482710402
482710402 482710407
482710418 482710420
4565612431 4565612436
4565612431 4565612433
172668748 172668757
172668757 172668761
172415411 172415398
172415398 172415386
172415386 172415380
172415380 1775438445
1775438445 172415369
172415369 172415364
172415364 172415360
172415360 172415354
172415354 172415347
172228453 172228449
172228449 172228444
172228444 172228436
172228436 172228430
172228430 2129814754
2129814754 1863556093
1863556093 1807875086
1807875086 2129659959
2129659959 2129659974
2129659959 2129659958
2129659974 2129659975
2129659974 2129659989
2129659975 2129659977
2129659977 2129659981
2129659989 2129659986
2129659989 2129659995
2129659995 482711555
2129659995 2129659966
482711555 482711553
2129659966 2129659958
2129659958 2129718107
2129718107 1806268017
1825447252 1825447254
3627440060 3627440200
3627440200 3627440201
3627440201 3627440202
172897172 3709716379
3709716379 172897182
172897182 172897186
172897186 172897189
5742054536 172668883
172668883 3629358002
3629358002 3702888191
3702888191 3709716355
3702888191 172668890
3709716355 3702888185
3702888185 3702888184
3702888184 3702888183
3702888183 3702888192
3702888192 3702888178
3702888178 3702888175
