482711552 1203.086492253308 1081.151039274332 35.3106026 -80.731613 50
482711550 1240.567123987591 1116.247314420646 35.31092 -80.73120040000001 50
482711547 1295.316461716349 1120.559711177162 35.310959 -80.7305977 50
1871784100 1341.081712004185 1144.487984465633 35.3111754 -80.7300939 50
172668863 1346.014330286695 1147.661466181042 35.3112041 -80.7300396 50
3702011126 1353.118027333866 1154.693990123399 35.3112677 -80.72996139999999 50
3702011130 1379.788685300565 1202.605823837063 35.311701 -80.7296678 50
3702011132 1402.298865970051 1236.905964196986 35.3120112 -80.72942 50
1833752464 1388.036967805154 1128.908069001656 35.3110345 -80.72957700000001 50
172668868 1417.105804827802 1113.482957524723 35.310895 -80.729257 50
172897168 1411.746238002614 1044.152886584663 35.310268 -80.729316 50
3709683445 1411.382877539557 986.9859859838548 35.309751 -80.72932 50
1806268028 1411.909750210817 865.0667894635086 35.3086484 -80.7293142 50
172228408 1412.38211881152 803.2115395687329 35.308089 -80.729309 50
172897165 1411.655397886561 759.8664234461357 35.307697 -80.72931699999999 50
172897162 1403.298107243171 675.9405480982724 35.306938 -80.729409 50
172897144 1501.859632771552 601.4134861937359 35.306264 -80.728324 50
1804645376 1519.528035274581 546.314324552077 35.3057657 -80.72812949999999 50
3627440228 1527.485629409416 526.4662420416661 35.3055862 -80.72804189999999 50
3627440231 1513.732435891875 522.9278652161498 35.3055542 -80.7281933 50
3627440239 1510.725628063454 504.9595453951077 35.3053917 -80.7282264 50
3627440224 1527.55830150041 497.5731837699874 35.3053249 -80.7280411 50
3627440234 1538.895147939254 512.0473564748916 35.3054558 -80.7279163 50
3627440237 1532.027635192436 524.5201347875267 35.3055686 -80.72799190000001 50
172716806 1554.728580104247 534.1843264948599 35.305656 -80.72774200000001 50
172716817 1621.041864560826 589.6926129574109 35.306158 -80.727012 50
172716819 1679.815419416184 642.878839626964 35.306639 -80.726365 50
172716821 1709.156776784681 669.0849429976477 35.306876 -80.72604200000001 50
172897129 1513.741519903249 485.1556925947784 35.3052126 -80.72819320000001 50
1868077983 1509.254018188475 376.8813617109109 35.3042334 -80.7282426 50
172897111 1503.403914737524 329.5113419476803 35.303805 -80.728307 50
5425496872 1452.433525821329 313.6992205059511 35.303662 -80.7288681 50
172897078 1404.660708978192 301.7571987171082 35.303554 -80.729394 50
1805364136 1393.378366608749 247.4984015712192 35.3030633 -80.7295182 50
3627440209 1335.885657386044 238.2101624020411 35.3029793 -80.7301511 50
3627440211 1274.904687721685 240.1452122295393 35.3029968 -80.73082239999999 50
3627440213 1229.411957780854 232.8030803145006 35.3029304 -80.73132320000001 50
3627440216 1184.56419266377 218.107759057782 35.3027975 -80.7318169 50
3627440217 1174.789796213646 216.2279963691166 35.3027805 -80.73192450000001 50
172897062 1182.64746622221 197.286622920653 35.3026092 -80.731838 50
172897070 1227.48614732792 220.6730822565802 35.3028207 -80.7313444 50
3627440204 1278.765392637771 228.6565449716702 35.3028929 -80.7307799 50
1805458707 1335.34970070341 227.6945487722967 35.3028842 -80.73015700000001 50
172897073 1384.058170738891 233.9198805002146 35.3029405 -80.72962080000001 50
3627440050 1180.440051409742 191.1276357575058 35.3025535 -80.7318623 50
3627440076 1202.250763188391 148.0036681867234 35.3021635 -80.7316222 50
3627440193 1221.200011322918 103.6412687273269 35.3017623 -80.7314136 50
653847012 1236.324890584543 66.24504864411006 35.3014241 -80.7312471 50
653847410 1248.115937602499 46.54071269269616 35.3012459 -80.73111729999999 50
3627440089 1200.479380932286 99.30675711471542 35.3017231 -80.7316417 50
3627440085 1177.496831662096 135.8736701295063 35.3020538 -80.7318947 50
3627440064 1158.138803007641 181.7841094509015 35.302469 -80.73210779999999 50
3627440063 1152.315951591968 184.4047197878292 35.3024927 -80.7321719 50
3627440055 1144.57637373358 206.8623552071199 35.3026958 -80.7322571 50
3627440054 1147.555929529034 212.479528418427 35.3027466 -80.7322243 50
172773921 1145.984395527784 256.5986644713198 35.3031456 -80.73224159999999 50
172773930 1141.487809801636 310.094499113554 35.3036294 -80.7322911 50
172773936 1140.679332771997 354.8107362564166 35.3040338 -80.7323 50
172526244 1109.430332973315 389.3320251681537 35.304346 -80.73264399999999 50
172526236 1039.846804350373 380.3755088263456 35.304265 -80.73341000000001 50
653813749 766.9721808169977 381.1274139019524 35.3042718 -80.7364139 50
3702167401 713.6853689518443 382.4321903560407 35.3042836 -80.73700049999999 50
172526256 705.100978018321 382.5869943423812 35.304285 -80.737095 50
1825881080 708.8345067717016 461.879807534407 35.3050021 -80.73705390000001 50
172668769 709.2796233394383 554.1982704175491 35.305837 -80.737049 50
172668778 722.7239604621673 607.3844970878056 35.306318 -80.736901 50
1825447256 726.4302371837366 614.0631833481041 35.3063784 -80.7368602 50
172668784 756.8980119869029 661.7649259380014 35.3068098 -80.7365248 50
172668790 763.7019366517909 714.2324198146847 35.3072843 -80.7364499 50
1816672586 763.6656006051384 779.1505771507208 35.3078714 -80.7364503 50
172228464 763.3113241546107 786.7580873262489 35.3079402 -80.7364542 50
482708521 754.9176974645681 786.5479962024822 35.3079383 -80.7365466 50
4493122549 704.5105172662859 789.6219610703836 35.3079661 -80.73710149999999 50
4493122551 657.4462533242039 791.579125752571 35.3079838 -80.7376196 50
4493122553 616.6772094008096 773.4781168005808 35.3078201 -80.7380684 50
4493122555 578.0792442420752 736.1371838547906 35.3074824 -80.7384933 50
4493122557 526.3003782973975 717.5828203718268 35.3073146 -80.7390633 50
4854194050 517.4071309702173 716.5434221796347 35.3073052 -80.7391612 50
4854194046 529.6796306002503 670.8541314093507 35.306892 -80.7390261 50
4614310447 570.930127136878 646.5167333013947 35.3066719 -80.738572 50
1833732445 660.8255056293681 645.4773351092026 35.3066625 -80.73758239999999 50
1833732444 696.5710911530427 645.0239805789323 35.3066584 -80.73718890000001 50
482708522 446.9061171811462 737.6741662887414 35.3074963 -80.73993729999999 50
482708524 410.0341142204908 774.1747347380582 35.3078264 -80.7403432 50
482708526 392.2112835206336 844.1571939055132 35.3084593 -80.7405394 50
3702846007 382.8365835813757 890.5099303298342 35.3088785 -80.7406426 50
482708552 427.2937362024353 909.9931177294345 35.3090547 -80.74015319999999 50
482708557 496.4412322690149 956.810266112777 35.3094781 -80.739392 50
482708561 507.6599865565277 982.3197515452799 35.3097088 -80.73926849999999 50
482708547 344.6473989437256 924.6994964149044 35.3091877 -80.741063 50
653810629 322.9456953038781 942.7673330834542 35.3093511 -80.7413019 50
653810659 319.6300310806447 946.3609970478033 35.3093836 -80.7413384 50
482708542 281.4953505112397 992.8574800311202 35.3098041 -80.74175820000001 50
482708538 272.9200435914018 1036.224711008406 35.3101963 -80.7418526 50
482708535 286.9548414661662 1088.117218651216 35.3106656 -80.74169809999999 50
653810625 313.3348110631127 1124.540385107011 35.310995 -80.7414077 50
729711280 343.3847213349761 1160.709230728254 35.3113221 -80.7410769 50
653810618 358.1644081574483 1178.500631708266 35.311483 -80.74091420000001 50
653810703 358.1280721119515 1159.824636521699 35.3113141 -80.7409146 50
482708532 394.5458744946518 1217.455949079419 35.3118353 -80.74051369999999 50
482708531 415.4754371503575 1234.307468715451 35.3119877 -80.7402833 50
482708528 400.0053654472669 1278.636695891407 35.3123886 -80.7404536 50
729710897 368.2749130353512 1305.539417199568 35.3126319 -80.74080290000001 50
729710899 372.7714987626551 1310.515259611527 35.3126769 -80.7407534 50
482708500 257.3046277040128 1244.911541766765 35.3120836 -80.7420245 50
3627440032 234.8216990686493 1246.835534165512 35.312101 -80.742272 50
482708458 169.17154745741 1305.296153793064 35.3126297 -80.7429947 50
2147643917 143.6363909344429 1330.750352086734 35.3128599 -80.74327580000001 50
3627440031 226.0102078473039 1238.155453512944 35.3120225 -80.742369 50
482708457 162.358538778836 1297.611241623311 35.3125602 -80.74306970000001 50
2147643912 137.068650569907 1322.777946800396 35.3127878 -80.74334810000001 50
482708505 230.0798450296195 1213.740653411467 35.3118017 -80.7423242 50
482708511 154.4009446463122 1125.292290182618 35.3110018 -80.74315729999999 50
4384937286 74.45255882236597 1029.391220761767 35.3101345 -80.7440374 50
4076783594 10.93714993029016 958.3472485467278 35.309492 -80.7447366 50
3702845998 200.3478751639431 1091.920973739331 35.3107 -80.74265149999999 50
3702846003 180.0269412818651 1028.595085976079 35.3101273 -80.7428752 50
729722090 435.941715215578 1239.637148809469 35.3120359 -80.740058 50
653810692 313.5346593179677 1105.510552237681 35.3108229 -80.7414055 50
1833752449 753.8457840981437 836.6270857221004 35.3083912 -80.73655840000001 50
1833752450 754.6633451403122 883.9418183464982 35.3088191 -80.7365494 50
1833752452 756.2076271074402 949.081124232942 35.3094082 -80.7365324 50
1833752456 769.7428043462227 997.5126570430539 35.3098462 -80.73638339999999 50
1833752458 787.4112068480956 1037.109305214961 35.3102043 -80.7361889 50
1833752461 806.2605308551947 1089.068157423245 35.3106742 -80.7359814 50
1833752466 803.8896038345242 1143.769251672059 35.3111689 -80.7360075 50
1833752473 820.8585374467159 1201.124128540539 35.3116876 -80.7358207 50
1833752487 865.2521019870003 1231.919064357682 35.3119661 -80.735332 50
1833752488 924.1164969561004 1232.914232839089 35.3119751 -80.734684 50
1833752486 981.8998945497132 1225.704790056405 35.3119099 -80.73404789999999 50
1863678589 1034.142045084876 1225.063459256354 35.3119041 -80.7334728 50
1833752484 1113.518138179534 1224.510587877169 35.3118991 -80.73259899999999 50
1833752475 1166.268993362053 1216.29491918292 35.3118248 -80.73201829999999 50
172668838 1165.9238009229 1206.287947221576 35.3117343 -80.73202209999999 50
482711565 1111.083623078089 1187.247056925605 35.3115621 -80.73262579999999 50
1871784112 1066.853570746007 1186.030739891679 35.3115511 -80.73311270000001 50
172668843 1214.977463397535 1208.709523862081 35.3117562 -80.73148209999999 50
172668852 1258.489878816032 1207.603781104415 35.3117462 -80.7310031 50
172668856 1304.164288985503 1188.761924504163 35.3115758 -80.7305003 50
172668835 1111.601411736819 1215.896851790076 35.3118212 -80.73262010000001 50
172668831 1068.179836434376 1216.007426067038 35.3118222 -80.73309810000001 50
1863678587 1007.41688304762 1216.748273715301 35.3118289 -80.733767 50
172668828 922.1997705145407 1224.300496753403 35.3118972 -80.7347051 50
172668826 863.3353755454407 1223.305328270589 35.3118882 -80.7353531 50
172668819 826.1817682264068 1193.947858040592 35.3116227 -80.7357621 50
172668815 810.8297886746477 1143.74713681737 35.3111687 -80.7359311 50
172668812 814.6087374872106 1089.046042567852 35.310674 -80.7358895 50
3527288651 799.4475221777768 1045.888902715036 35.3102837 -80.7360564 50
172668804 776.6829891851905 997.4905421876614 35.309846 -80.736307 50
1269676764 772.0047232269358 986.0350472118258 35.3097424 -80.73635849999999 50
1269676740 828.0803266440623 976.1939366648697 35.3096534 -80.73574120000001 50
1269676743 837.2642623409952 949.5676510466527 35.3094126 -80.7356401 50
172668796 762.0577305572355 910.1368642884305 35.309056 -80.736468 50
1269676745 761.6035299781245 883.9197034911057 35.3088189 -80.736473 50
172668794 760.7859689394231 836.6049708674112 35.308391 -80.736482 50
1833757364 811.1295610557747 884.8374699811009 35.3088272 -80.7359278 50
1269676741 908.2376447330812 886.6398306762444 35.3088435 -80.7348588 50
1269676746 922.8629033587251 893.9045605977612 35.3089092 -80.73469780000001 50
3702011142 1169.439313398677 1267.369177186056 35.3122867 -80.7319834 50
4045926710 1168.966944799129 1335.880998485034 35.3129063 -80.73198859999999 50
1833752478 1216.894189839095 1217.323259949175 35.3118341 -80.731461 50
1833752477 1260.406605256436 1216.217517190805 35.3118241 -80.730982 50
1833752472 1306.916744490823 1199.852524369188 35.3116761 -80.73047 50
1833752470 1340.445831194123 1167.730697243267 35.3113856 -80.7301009 50
1833752442 757.4067166342588 716.1674696414796 35.3073018 -80.7365192 50
1833752439 752.9282989308592 666.8513426255163 35.3068558 -80.7365685 50
1833752434 721.9790715133038 614.1737576236596 35.3063794 -80.7369092 50
1833752431 703.8837204675981 573.5708835422972 35.3060122 -80.7371084 50
1833752428 701.9760780385684 465.8715388916002 35.3050382 -80.7371294 50
1833752426 700.8859966493957 414.6756491869714 35.3045752 -80.7371414 50
1833752424 698.1607931793529 382.6091091984771 35.3042852 -80.73717139999999 50
1833752419 659.1903835450312 324.336465839299 35.3037582 -80.73760040000001 50
1833752417 630.575747101494 289.3949946800286 35.3034422 -80.73791540000001 50
5727996235 610.6181736847851 249.9973802045434 35.3030859 -80.73813509999999 50
1833752413 606.3941083033299 235.8659877550574 35.3029581 -80.7381816 50
172415416 614.0065099990122 232.3497257842303 35.3029263 -80.73809780000001 50
172668736 591.2783130530784 179.0197525549778 35.302444 -80.738348 50
172668727 585.9187462267352 121.4105548519468 35.301923 -80.738407 50
172668719 593.7309961761167 55.95058356547702 35.301331 -80.738321 50
172627038 612.3532198930825 0.8845942058521814 35.300833 -80.73811600000001 50
1833752412 603.8415010540198 223.7691619798741 35.3028487 -80.7382097 50
4363571173 663.4598689833574 203.2134041053447 35.3026628 -80.7375534 50
4363571170 678.1214636556537 131.3290673931283 35.3020127 -80.737392 50
4363571168 687.8050199897241 78.83945866034912 35.301538 -80.7372854 50
482710390 724.9949633554104 44.36239945939701 35.3012262 -80.736876 50
4565612429 736.7042542675308 41.95188024693903 35.3012044 -80.7367471 50
3729890221 835.0659315410571 40.5033572331522 35.3011913 -80.7356643 50
172225285 923.1717597535375 40.20480668851815 35.3011886 -80.7346944 50
172225286 975.532002440032 39.69616501941505 35.301184 -80.734118 50
172225294 1021.587941096465 53.40737522136806 35.301308 -80.733611 50
172225297 1035.94067937626 61.70044590843611 35.301383 -80.733453 50
172225308 1071.368324496059 99.29569968737087 35.301723 -80.733063 50
172225320 1093.624152841289 152.5925006338864 35.302205 -80.73281799999999 50
172225323 1110.865606800485 172.4405831435938 35.3023845 -80.73262819999999 50
3729890217 993.0278087211725 105.6758354030361 35.3017807 -80.7339254 50
482710400 946.5630895436557 153.2891185720671 35.3022113 -80.73443690000001 50
482710401 948.125539533532 222.2211221178754 35.3028347 -80.7344197 50
482710402 983.9892172108496 264.0513706619141 35.303213 -80.73402489999999 50
482710407 1046.369124656882 270.2435301085019 35.303269 -80.73333820000001 50
482710418 891.9863480344746 72.73575863533108 35.3014828 -80.73503770000001 50
482710420 889.6517570616122 92.87133426232742 35.3016649 -80.7350634 50
4565612431 743.5808510257237 143.846075415845 35.3021259 -80.73667140000001 50
4565612436 724.6679389390054 184.0287672489707 35.3024893 -80.73687959999999 50
4565612433 775.556571750521 153.642956253423 35.3022145 -80.7363194 50
172668748 632.5469776124545 272.4218433418005 35.3032887 -80.7378937 50
172668757 667.6657663397528 321.3841326750011 35.3037315 -80.7375071 50
172668761 699.7595792147262 363.6898506047027 35.3041141 -80.7371538 50
172415411 560.2109934841915 255.2054285963651 35.303133 -80.73869000000001 50
172415398 505.3435636064136 255.5371514237353 35.303136 -80.739294 50
172415386 458.4700639078125 236.960673085379 35.302968 -80.73981000000001 50
172415380 398.6245956883415 184.5263514907293 35.3024938 -80.7404688 50
1775438445 363.3150427175624 154.0520810743151 35.3022182 -80.7408575 50
172415369 322.0282101354378 135.3429136050107 35.302049 -80.74131199999999 50
172415364 279.2425156430563 129.8141998145701 35.301999 -80.741783 50
172415360 73.94385417385502 167.7411764215786 35.302342 -80.744043 50
172415354 28.97799690543911 172.6064445572789 35.302386 -80.74453800000001 50
172415347 0 170.8372561441691 35.30237 -80.744857 50
172228453 817.2885208992266 787.0676952989299 35.307943 -80.73586 50
172228449 885.5094477871475 788.5051608839663 35.307956 -80.73510899999999 50
172228444 939.8318369720727 791.2695177798898 35.307981 -80.734511 50
172228436 999.5137929821852 802.6586681895481 35.308084 -80.73385399999999 50
172228430 1050.111737425104 804.5384308789169 35.308101 -80.73329699999999 50
2129814754 1097.357681595826 804.0961337752876 35.308097 -80.7327769 50
1863556093 1152.960916412248 803.5764346788401 35.3080923 -80.73216480000001 50
1807875086 1257.772241901291 802.9793335895737 35.3080869 -80.731011 50
2129659959 1277.620807179198 802.9240464521474 35.3080864 -80.73079250000001 50
2129659974 1278.029587700282 855.6458611633824 35.3085632 -80.730788 50
2129659975 1223.398342122856 858.2332992175732 35.3085866 -80.7313894 50
2129659977 1164.897307614502 862.9437633676362 35.3086292 -80.73203340000001 50
2129659981 1133.512047642896 871.9445094188225 35.3087106 -80.7323789 50
2129659989 1277.711647296407 961.465443125414 35.3095202 -80.7307915 50
2129659986 1142.160026657194 950.6844512316634 35.3094227 -80.7322837 50
2129659995 1277.86607549208 994.4386921744491 35.3098184 -80.7307898 50
482711555 1226.468738032052 1017.637175242002 35.3100282 -80.7313556 50
482711553 1199.961592273555 1059.467423785337 35.3104065 -80.7316474 50
2129659966 1303.437568060543 833.4757188613804 35.3083627 -80.7305083 50
2129659958 1302.965199458684 802.625495906811 35.3080837 -80.7305135 50
2129718107 1347.640368357347 802.8024147485439 35.3080853 -80.73002169999999 50
1806268017 1407.58576070309 803.1783672859958 35.3080887 -80.72936180000001 50
1825447252 773.930533678714 598.7375887193821 35.3062398 -80.7363373 50
1825447254 794.9236844163504 608.4902398468785 35.306328 -80.73610619999999 50
3627440060 1170.947259320308 218.6716878650146 35.3028026 -80.7319668 50
3627440200 1155.468103605843 276.0818518709202 35.3033218 -80.7321372 50
3627440201 1154.505198378221 322.2244971721778 35.3037391 -80.73214780000001 50
3627440202 1152.897328332629 390.1060450984495 35.304353 -80.73216549999999 50
172897172 1431.640223339703 1158.376113508615 35.311301 -80.729097 50
3709716379 1461.281353090483 1218.594864120526 35.3118456 -80.7287707 50
172897182 1479.876324773326 1265.412012503868 35.312269 -80.728566 50
172897186 1493.684022357957 1322.136615999641 35.312782 -80.728414 50
172897189 1496.68174617616 1338.612183097517 35.312931 -80.728381 50
5742054536 1482.229083768937 1114.157460607511 35.3109011 -80.7285401 50
172668883 1535.016274999264 1109.723432147392 35.310861 -80.727959 50
3629358002 1581.980614812763 1088.415769196552 35.3106683 -80.727442 50
3702888191 1610.25914282852 1073.44401224989 35.3105329 -80.7271307 50
3709716355 1600.802686784583 1026.538404446384 35.3101087 -80.72723480000001 50
3702888185 1628.38174591066 948.0085537573096 35.3093985 -80.7269312 50
3702888184 1659.267385245129 858.4765626247802 35.3085888 -80.7265912 50
3702888183 1674.946389214449 813.1411095379622 35.3081788 -80.7264186 50
3702888192 1689.662487956146 763.9134419414586 35.3077336 -80.7262566 50
3702888178 1697.529241976084 720.8668763641982 35.3073443 -80.72617 50
3702888175 1712.517861065941 686.0691517632206 35.3070296 -80.726005 50
172668890 1626.85563196628 1064.719701887241 35.310454 -80.72694799999999 50
172668866 1361.23004966553 1133.519016303508 35.3110762 -80.72987209999999 50
