482711552 482711550 3
482711552 482711553 3
482711550 482711547 3
482711547 1871784100 3
1871784100 172668863 3
172668863 3702011126 3
172668863 172668856 3
172668863 172668866 3
3702011126 3702011130 3
3702011126 1833752464 3
3702011126 1833752470 3
3702011130 3702011132 3
1833752464 172668868 3
172668868 172897168 3
172668868 172897172 3
172668868 5742054536 3
172668868 172668866 3
172897168 3709683445 3
3709683445 1806268028 5
1806268028 172228408 5
172228408 172897165 5
172228408 1806268017 5
172897165 172897162 5
172897162 172897144 5
172897144 1804645376 5
1804645376 3627440228 5
1804645376 3627440231 5
3627440228 3627440231 5
3627440228 3627440237 5
3627440231 3627440239 5
3627440239 3627440224 5
3627440239 172897129 5
3627440224 3627440234 5
3627440224 172897129 5
3627440234 3627440237 5
3627440234 172716806 5
3627440237 172716806 5
172716806 172716817 5
172716817 172716819 5
172716819 172716821 5
172897129 1868077983 5
1868077983 172897111 5
172897111 5425496872 5
5425496872 172897078 5
172897078 1805364136 5
1805364136 3627440209 1
1805364136 172897073 1
3627440209 3627440211 1
3627440211 3627440213 1
3627440213 3627440216 1
3627440216 3627440217 1
3627440217 172897062 1
3627440217 3627440060 1
172897062 172897070 1
172897062 3627440050 1
172897070 3627440204 1
3627440204 1805458707 1
1805458707 172897073 1
3627440050 3627440076 1
3627440050 3627440064 1
3627440076 3627440193 1
3627440193 653847012 1
653847012 653847410 1
653847012 3627440089 1
3627440089 3627440085 1
3627440085 3627440064 1
3627440064 3627440063 1
3627440063 3627440055 1
3627440063 172225323 1
3627440055 3627440054 1
3627440055 172225323 1
3627440054 172773921 1
3627440054 3627440060 1
172773921 172773930 1
172773930 172773936 1
172773936 172526244 1
172526244 172526236 1
172526236 653813749 2
653813749 3702167401 2
3702167401 172526256 2
172526256 1825881080 2
172526256 1833752424 2
172526256 172668761 0
1825881080 172668769 2
172668769 172668778 2
172668778 1825447256 2
1825447256 172668784 2
1825447256 1825447252 2
172668784 172668790 2
172668790 1816672586 2
1816672586 172228464 2
172228464 482708521 2
172228464 172668794 2
172228464 172228453 2
482708521 4493122549 2
482708521 1833752449 2
482708521 1833752442 2
4493122549 4493122551 2
4493122551 4493122553 2
4493122553 4493122555 2
4493122555 4493122557 2
4493122557 4854194050 2
4854194050 4854194046 2
4854194050 482708522 2
4854194046 4614310447 2
4614310447 1833732445 2
1833732445 1833732444 2
482708522 482708524 4
482708524 482708526 4
482708526 3702846007 4
3702846007 482708552 4
3702846007 482708547 4
482708552 482708557 4
482708557 482708561 4
482708547 653810629 4
653810629 653810659 4
653810629 482708542 4
482708542 482708538 4
482708538 482708535 4
482708535 653810625 4
653810625 729711280 4
653810625 653810692 4
729711280 653810618 4
653810618 653810703 4
653810618 482708532 4
482708532 482708531 4
482708531 482708528 4
482708531 729722090 4
482708528 729710897 4
729710897 729710899 4
729710897 482708500 4
482708500 3627440032 4
482708500 482708505 4
3627440032 482708458 4
3627440032 3627440031 4
482708458 2147643917 4
3627440031 482708457 4
3627440031 482708505 4
482708457 2147643912 4
482708505 482708511 4
482708511 4384937286 4
482708511 3702845998 4
4384937286 4076783594 4
3702845998 3702846003 4
1833752449 1833752450 2
1833752450 1833752452 2
1833752452 1833752456 2
1833752456 1833752458 3
1833752458 1833752461 3
1833752461 1833752466 3
1833752466 1833752473 3
1833752473 1833752487 3
1833752487 1833752488 3
1833752488 1833752486 3
1833752486 1863678589 3
1863678589 1833752484 3
1833752484 1833752475 3
1833752475 172668838 3
1833752475 3702011142 3
1833752475 1833752478 3
172668838 482711565 3
172668838 172668843 3
172668838 172668835 3
482711565 1871784112 3
172668843 172668852 3
172668852 172668856 3
172668835 172668831 3
172668831 1863678587 3
1863678587 172668828 3
172668828 172668826 3
172668826 172668819 3
172668819 172668815 3
172668815 172668812 3
172668812 3527288651 3
3527288651 172668804 3
172668804 1269676764 3
1269676764 1269676740 3
1269676764 172668796 2
1269676740 1269676743 3
172668796 1269676745 2
1269676745 172668794 2
1269676745 1833757364 2
1833757364 1269676741 2
1269676741 1269676746 3
3702011142 4045926710 3
1833752478 1833752477 3
1833752477 1833752472 3
1833752472 1833752470 3
1833752442 1833752439 2
1833752439 1833752434 2
1833752434 1833752431 2
1833752431 1833752428 2
1833752428 1833752426 2
1833752426 1833752424 2
1833752424 1833752419 0
1833752419 1833752417 0
1833752417 5727996235 0
5727996235 1833752413 0
1833752413 172415416 0
1833752413 1833752412 0
1833752413 172415411 0
172415416 172668736 0
172415416 4363571173 0
172415416 172668748 0
172668736 172668727 0
172668736 1833752412 0
172668727 172668719 0
172668719 172627038 0
4363571173 4363571170 0
4363571170 4363571168 0
4363571168 482710390 0
482710390 4565612429 0
4565612429 3729890221 0
4565612429 4565612431 0
3729890221 172225285 1
172225285 172225286 1
172225285 482710418 1
172225286 172225294 1
172225294 172225297 1
172225297 172225308 1
172225297 3729890217 1
172225308 172225320 1
172225320 172225323 1
3729890217 482710400 1
482710400 482710401 1
482710401 482710402 1
482710402 482710407 1
482710418 482710420 1
4565612431 4565612436 0
4565612431 4565612433 0
172668748 172668757 0
172668757 172668761 0
172415411 172415398 0
172415398 172415386 0
172415386 172415380 0
172415380 1775438445 0
1775438445 172415369 0
172415369 172415364 0
172415364 172415360 0
172415360 172415354 0
172415354 172415347 0
172228453 172228449 2
172228449 172228444 2
172228444 172228436 2
172228436 172228430 2
172228430 2129814754 5
2129814754 1863556093 5
1863556093 1807875086 5
1807875086 2129659959 5
2129659959 2129659974 5
2129659959 2129659958 5
2129659974 2129659975 5
2129659974 2129659989 5
2129659975 2129659977 5
2129659977 2129659981 5
2129659989 2129659986 3
2129659989 2129659995 3
2129659995 482711555 3
2129659995 2129659966 5
482711555 482711553 3
2129659966 2129659958 5
2129659958 2129718107 5
2129718107 1806268017 5
1825447252 1825447254 2
3627440060 3627440200 1
3627440200 3627440201 1
3627440201 3627440202 1
172897172 3709716379 3
3709716379 172897182 3
172897182 172897186 3
172897186 172897189 3
5742054536 172668883 3
172668883 3629358002 3
3629358002 3702888191 3
3702888191 3709716355 5
3702888191 172668890 3
3709716355 3702888185 5
3702888185 3702888184 5
3702888184 3702888183 5
3702888183 3702888192 5
3702888192 3702888178 5
3702888178 3702888175 5
