1805364136 3627440209
1805364136 172897073
3627440209 3627440211
3627440211 3627440213
3627440213 3627440216
3627440216 3627440217
3627440217 172897062
3627440217 3627440060
172897062 172897070
172897062 3627440050
172897070 3627440204
3627440204 1805458707
1805458707 172897073
3627440050 3627440076
3627440050 3627440064
3627440076 3627440193
3627440193 653847012
653847012 653847410
653847012 3627440089
3627440089 3627440085
3627440085 3627440064
3627440064 3627440063
3627440063 3627440055
3627440063 172225323
3627440055 3627440054
3627440055 172225323
3627440054 172773921
3627440054 3627440060
172773921 172773930
172773930 172773936
172773936 172526244
172526244 172526236
3729890221 172225285
172225285 172225286
172225285 482710418
172225286 172225294
172225294 172225297
172225297 172225308
172225297 3729890217
172225308 172225320
172225320 172225323
3729890217 482710400
482710400 482710401
482710401 482710402
482710402 482710407
482710418 482710420
3627440060 3627440200
3627440200 3627440201
3627440201 3627440202
