1805364136 1393.378366608749 247.4984015712192 35.3030633 -80.7295182 50
3627440209 1335.885657386044 238.2101624020411 35.3029793 -80.7301511 50
172897073 1384.058170738891 233.9198805002146 35.3029405 -80.72962080000001 50
3627440211 1274.904687721685 240.1452122295393 35.3029968 -80.73082239999999 50
3627440213 1229.411957780854 232.8030803145006 35.3029304 -80.73132320000001 50
3627440216 1184.56419266377 218.107759057782 35.3027975 -80.7318169 50
3627440217 1174.789796213646 216.2279963691166 35.3027805 -80.73192450000001 50
172897062 1182.64746622221 197.286622920653 35.3026092 -80.731838 50
3627440060 1170.947259320308 218.6716878650146 35.3028026 -80.7319668 50
172897070 1227.48614732792 220.6730822565802 35.3028207 -80.7313444 50
3627440050 1180.440051409742 191.1276357575058 35.3025535 -80.7318623 50
3627440204 1278.765392637771 228.6565449716702 35.3028929 -80.7307799 50
1805458707 1335.34970070341 227.6945487722967 35.3028842 -80.73015700000001 50
3627440076 1202.250763188391 148.0036681867234 35.3021635 -80.7316222 50
3627440064 1158.138803007641 181.7841094509015 35.302469 -80.73210779999999 50
3627440193 1221.200011322918 103.6412687273269 35.3017623 -80.7314136 50
653847012 1236.324890584543 66.24504864411006 35.3014241 -80.7312471 50
653847410 1248.115937602499 46.54071269269616 35.3012459 -80.73111729999999 50
3627440089 1200.479380932286 99.30675711471542 35.3017231 -80.7316417 50
3627440085 1177.496831662096 135.8736701295063 35.3020538 -80.7318947 50
3627440063 1152.315951591968 184.4047197878292 35.3024927 -80.7321719 50
3627440055 1144.57637373358 206.8623552071199 35.3026958 -80.7322571 50
172225323 1110.865606800485 172.4405831435938 35.3023845 -80.73262819999999 50
3627440054 1147.555929529034 212.479528418427 35.3027466 -80.7322243 50
172773921 1145.984395527784 256.5986644713198 35.3031456 -80.73224159999999 50
172773930 1141.487809801636 310.094499113554 35.3036294 -80.7322911 50
172773936 1140.679332771997 354.8107362564166 35.3040338 -80.7323 50
172526244 1109.430332973315 389.3320251681537 35.304346 -80.73264399999999 50
172526236 1039.846804350373 380.3755088263456 35.304265 -80.73341000000001 50
3729890221 835.0659315410571 40.5033572331522 35.3011913 -80.7356643 50
172225285 923.1717597535375 40.20480668851815 35.3011886 -80.7346944 50
172225286 975.532002440032 39.69616501941505 35.301184 -80.734118 50
482710418 891.9863480344746 72.73575863533108 35.3014828 -80.73503770000001 50
172225294 1021.587941096465 53.40737522136806 35.301308 -80.733611 50
172225297 1035.94067937626 61.70044590843611 35.301383 -80.733453 50
172225308 1071.368324496059 99.29569968737087 35.301723 -80.733063 50
3729890217 993.0278087211725 105.6758354030361 35.3017807 -80.7339254 50
172225320 1093.624152841289 152.5925006338864 35.302205 -80.73281799999999 50
482710400 946.5630895436557 153.2891185720671 35.3022113 -80.73443690000001 50
482710401 948.125539533532 222.2211221178754 35.3028347 -80.7344197 50
482710402 983.9892172108496 264.0513706619141 35.303213 -80.73402489999999 50
482710407 1046.369124656882 270.2435301085019 35.303269 -80.73333820000001 50
482710420 889.6517570616122 92.87133426232742 35.3016649 -80.7350634 50
3627440200 1155.468103605843 276.0818518709202 35.3033218 -80.7321372 50
3627440201 1154.505198378221 322.2244971721778 35.3037391 -80.73214780000001 50
3627440202 1152.897328332629 390.1060450984495 35.304353 -80.73216549999999 50
