3709683445 1806268028
1806268028 172228408
172228408 172897165
172228408 1806268017
172897165 172897162
172897162 172897144
172897144 1804645376
1804645376 3627440228
1804645376 3627440231
3627440228 3627440231
3627440228 3627440237
3627440231 3627440239
3627440239 3627440224
3627440239 172897129
3627440224 3627440234
3627440224 172897129
3627440234 3627440237
3627440234 172716806
3627440237 172716806
172716806 172716817
172716817 172716819
172716819 172716821
172897129 1868077983
1868077983 172897111
172897111 5425496872
5425496872 172897078
172897078 1805364136
172228430 2129814754
2129814754 1863556093
1863556093 1807875086
1807875086 2129659959
2129659959 2129659974
2129659959 2129659958
2129659974 2129659975
2129659974 2129659989
2129659975 2129659977
2129659977 2129659981
2129659995 2129659966
2129659966 2129659958
2129659958 2129718107
2129718107 1806268017
3702888191 3709716355
3709716355 3702888185
3702888185 3702888184
3702888184 3702888183
3702888183 3702888192
3702888192 3702888178
3702888178 3702888175
