3709683445 1411.382877539557 986.9859859838548 35.309751 -80.72932 50
1806268028 1411.909750210817 865.0667894635086 35.3086484 -80.7293142 50
172228408 1412.38211881152 803.2115395687329 35.308089 -80.729309 50
172897165 1411.655397886561 759.8664234461357 35.307697 -80.72931699999999 50
1806268017 1407.58576070309 803.1783672859958 35.3080887 -80.72936180000001 50
172897162 1403.298107243171 675.9405480982724 35.306938 -80.729409 50
172897144 1501.859632771552 601.4134861937359 35.306264 -80.728324 50
1804645376 1519.528035274581 546.314324552077 35.3057657 -80.72812949999999 50
3627440228 1527.485629409416 526.4662420416661 35.3055862 -80.72804189999999 50
3627440231 1513.732435891875 522.9278652161498 35.3055542 -80.7281933 50
3627440237 1532.027635192436 524.5201347875267 35.3055686 -80.72799190000001 50
3627440239 1510.725628063454 504.9595453951077 35.3053917 -80.7282264 50
3627440224 1527.55830150041 497.5731837699874 35.3053249 -80.7280411 50
172897129 1513.741519903249 485.1556925947784 35.3052126 -80.72819320000001 50
3627440234 1538.895147939254 512.0473564748916 35.3054558 -80.7279163 50
172716806 1554.728580104247 534.1843264948599 35.305656 -80.72774200000001 50
172716817 1621.041864560826 589.6926129574109 35.306158 -80.727012 50
172716819 1679.815419416184 642.878839626964 35.306639 -80.726365 50
172716821 1709.156776784681 669.0849429976477 35.306876 -80.72604200000001 50
1868077983 1509.254018188475 376.8813617109109 35.3042334 -80.7282426 50
172897111 1503.403914737524 329.5113419476803 35.303805 -80.728307 50
5425496872 1452.433525821329 313.6992205059511 35.303662 -80.7288681 50
172897078 1404.660708978192 301.7571987171082 35.303554 -80.729394 50
1805364136 1393.378366608749 247.4984015712192 35.3030633 -80.7295182 50
172228430 1050.111737425104 804.5384308789169 35.308101 -80.73329699999999 50
2129814754 1097.357681595826 804.0961337752876 35.308097 -80.7327769 50
1863556093 1152.960916412248 803.5764346788401 35.3080923 -80.73216480000001 50
1807875086 1257.772241901291 802.9793335895737 35.3080869 -80.731011 50
2129659959 1277.620807179198 802.9240464521474 35.3080864 -80.73079250000001 50
2129659974 1278.029587700282 855.6458611633824 35.3085632 -80.730788 50
2129659958 1302.965199458684 802.625495906811 35.3080837 -80.7305135 50
2129659975 1223.398342122856 858.2332992175732 35.3085866 -80.7313894 50
2129659989 1277.711647296407 961.465443125414 35.3095202 -80.7307915 50
2129659977 1164.897307614502 862.9437633676362 35.3086292 -80.73203340000001 50
2129659981 1133.512047642896 871.9445094188225 35.3087106 -80.7323789 50
2129659995 1277.86607549208 994.4386921744491 35.3098184 -80.7307898 50
2129659966 1303.437568060543 833.4757188613804 35.3083627 -80.7305083 50
2129718107 1347.640368357347 802.8024147485439 35.3080853 -80.73002169999999 50
3702888191 1610.25914282852 1073.44401224989 35.3105329 -80.7271307 50
3709716355 1600.802686784583 1026.538404446384 35.3101087 -80.72723480000001 50
3702888185 1628.38174591066 948.0085537573096 35.3093985 -80.7269312 50
3702888184 1659.267385245129 858.4765626247802 35.3085888 -80.7265912 50
3702888183 1674.946389214449 813.1411095379622 35.3081788 -80.7264186 50
3702888192 1689.662487956146 763.9134419414586 35.3077336 -80.7262566 50
3702888178 1697.529241976084 720.8668763641982 35.3073443 -80.72617 50
3702888175 1712.517861065941 686.0691517632206 35.3070296 -80.726005 50
